0.000000
0.000001
26.245512
26.245514
45.887282
45.887287
80.323526
80.323528
278.448473
278.448474
314.791187
314.791190
342.739595
342.739597
361.843547
361.843549
6155.098641
6155.098642
6161.893599
6161.893601
6210.589349
6210.589353
6305.901665
6305.901668
6314.521765
6314.521766
6347.343330
6347.343331
6379.623517
6379.623519
11435.666317
11435.666318
11456.693878
11456.693878
11561.148659
11561.148659
11570.385039
11570.385039
11592.195769
11592.195770
11635.218698
11635.218700
15803.626481
15803.626482
15967.140034
15967.140037
16047.977611
16047.977617
16052.110303
16052.110305
16167.806924
16167.806931
18353.816186
18353.816188
18375.940231
18375.940234
18391.375922
18391.375925
18495.576976
18495.576977
18541.134477
18541.134479
21420.667004
21420.667009
21421.861305
21421.861310
22034.564968
22034.564968
22044.922879
22044.922880
22123.147188
22123.147192
22134.944504
22134.944506
24859.424404
24859.424404
24946.202557
24946.202561
24959.520300
24959.520300
25144.937664
25144.937666
25159.431631
25159.431632
25259.024507
25259.024510
25441.022102
25441.022102
25495.789937
25495.789941
25516.681538
25516.681542
26937.809914
26937.809918
26977.144316
26977.144316
29719.296411
29719.296412
29740.284924
29740.284926
29802.230581
29802.230582
29832.256032
29832.256033
29904.965870
29904.965872
33397.514844
33397.514845
33418.941775
33418.941778
33452.758180
33452.758180
33535.092908
33535.092911
36173.927876
36173.927876
36337.770199
36337.770200
36388.201688
36388.201691
42311.566457
42311.566458
42358.965446
42358.965454
42427.953336
42427.953339
42532.808780
42532.808782
45161.288701
45161.288702
45179.058678
45179.058680
45423.566494
45423.566496
47287.120776
47287.120779
47296.856253
47296.856254
48509.999480
48509.999480
