-4.814898705938487566e+00
-4.814722465076906488e+00
-4.814575119815732940e+00
-4.814726094547082447e+00
-4.814355054808157064e+00
-4.814516127571632609e+00
-4.814510122004447723e+00
-4.814024219089424683e+00
-4.813914377051875526e+00
-4.814047113605512962e+00
-4.814271210681932978e+00
-4.814314089586601675e+00
-4.814315243555321366e+00
-4.830954278243472899e+00
-4.830836721802691969e+00
-4.830834332774709416e+00
-4.830811735510884830e+00
-4.833769376731383183e+00
-4.830730419819046162e+00
-4.830729243377855475e+00
-4.830532225751918318e+00
-4.841603726207289959e+00
-4.841512816802982400e+00
-4.841509978863103747e+00
-4.841069183411164545e+00
-4.840880796676082731e+00
-4.841044427532878558e+00
-4.840899526608258618e+00
-4.840896567128430306e+00
-4.840941347857874888e+00
-4.857431890639294814e+00
-4.857431805201827046e+00
-4.857499796910463630e+00
-4.857241493790778186e+00
-4.856997205272075568e+00
