-4.219418521295857261e+01
-1.463420594968963542e+02
6.711226951732066937e+01
5.309730009117887306e+01
-4.864258660765743869e+00
2.320858365530541789e+01
1.305332971314165036e+01
2.946787586539963044e+01
-7.407481483601118910e+00
5.069339116305303605e+01
6.826415618857531342e+01
1.275697030279066269e+02
-9.212339621282236379e+00
4.373090983045403846e+01
5.584877440226365763e+01
-2.487463658631908459e+01
-4.413205766024131549e+01
1.108271861685006687e+00
-1.497256247528119104e+02
1.651545095221003976e+02
5.299405442431466895e+01
-3.365522128544768066e+01
-1.332832577114543255e+02
-1.543806008965005390e+02
-1.086407910927403719e+02
1.182231547415379325e+01
-1.995772669861605664e+01
8.001401281118043585e+01
1.620436830250182680e+01
-1.257454189665501332e+01
-3.698050307964598460e+01
7.808866621011897280e+01
4.009620329239029957e+01
-1.743226095518634011e+01
1.111549044160885558e+01
3.796422689595948441e+01
1.067448416866078418e+02
8.953718883755570346e+01
-1.685905037084533120e+01
-9.137378524125344015e+00
1.137665029882589351e+02
-3.484559159378441962e+00
2.619872146525092660e+01
5.915965373015440321e+01
-5.235587096496630721e+01
-1.587533752191727103e+02
2.488394686349596441e+01
6.069754724334195828e+01
1.796807519083620264e+01
-2.810265611207216807e+02
-1.209323411922618590e+02
4.202902191511181229e+01
-7.424002231616174008e+00
1.372022976518930903e+01
4.251962206006636791e+01
-6.957039461431571681e+01
-1.095539401152721837e+01
5.589540879053274125e+00
1.090472876203942718e+02
-5.587538497651887326e+01
-3.029074327270444655e+01
1.040389129788984235e+02
4.474697904597204712e+01
-3.955834672196757396e+01
5.575757513204771953e+01
-4.281438172757509619e+01
-8.437875491438019537e+01
1.008263572729277513e+02
9.052919958464738670e+01
2.154324172703491058e+01
3.013465045982322010e+00
-1.437645997967264577e+01
-9.797386558540946311e+00
1.280884083833392140e+02
-8.238273922147581629e+01
1.318229861774917708e+02
3.566348579036596789e+01
-6.328934425268076325e+01
9.377737739142574469e+01
-7.677450676355229575e+01
6.719174335022685796e+01
6.916823254334421733e+01
-3.293543555135550349e+01
4.932767817309508018e+01
2.435584360629477487e+02
-7.872234927111946945e+01
3.286547249995233955e+01
3.486462246611309013e+01
5.625642181184645807e+01
1.626763591557116939e+01
3.709092888234476959e+01
-1.735147120156030454e+01
-9.882492574396138707e+00
-4.614001370724199802e+01
9.599258984080925927e+01
-4.604332785671932982e+01
-4.204016408857091847e+01
-8.156981193950181819e+01
-1.099549932637809313e+01
-3.999807922243470415e+01
-2.192343336425653888e+01
2.114861756244299897e+02
-1.362347669228625193e+02
4.921797747452542637e+01
-2.109648992573822568e+01
1.238336923477596940e+01
2.184544704018922090e+00
-1.338584523571554428e+02
3.996321784820055711e+01
-2.316782116334307062e+01
-1.157471964890059439e+02
8.466778446730654650e+01
-1.254470135363283987e+02
1.214134486750613178e+02
5.891974433573828662e+00
-4.060765801926113028e+01
2.530599740731203156e+02
8.598311194454188922e+01
-6.547549587084861855e+01
-1.167541940821933366e+01
-3.821113148438350748e+01
-7.546974033908652757e+01
-5.075472091634560456e+01
8.240936849043643520e+01
2.103952528223168628e+01
3.177981753537961751e+01
-8.044993063551549994e+01
4.465726809366322669e+01
1.242809622386116786e+01
-8.797046147013429618e+01
1.018775819206325082e+02
6.287105066928229746e+01
4.241218024812228293e+01
7.117723970000734823e+01
-8.472492849644135049e+01
1.853388085601846669e+01
-1.349582190667118198e+02
2.040040623837745954e+02
5.044847775057533568e+01
4.319361498565830715e+01
-3.350621197553021346e+00
-7.298131097887572594e+01
1.037360281699576490e+02
-1.448386087184096027e+02
-1.252731381541009910e+02
1.051091363022891159e+02
-9.101957550745076730e-01
-1.628504822585570082e+02
5.930097404771235148e+00
-5.254682288852542627e+01
-3.708176630716664590e+01
9.677074656775546657e+01
-6.464677331404601546e+01
-8.059366629831544060e+00
4.801811395963241580e+01
3.768164185255512422e+01
-9.007300798547092313e+01
-4.280404558581157914e+01
7.270796272533553406e+01
-8.595237858564020428e+01
9.457309932658310458e+01
3.556956556914094847e+01
-2.395042026913670554e+02
1.186907662414282072e+01
8.424824840385644720e+00
-2.708152952967404303e+01
8.060447337183467198e+01
2.400945516655524514e+01
7.312293140625727972e+01
1.171311894965684957e+02
-1.530294795246249606e+01
7.697717898821419169e+01
7.161881686978265549e+00
7.009069961948431171e+01
-6.695263045353399889e+01
5.438455314420508557e+01
-1.600547905890044547e+02
-7.781291652926647373e+01
5.832908827143971564e+01
8.624042386218800971e+01
-1.582918038780149494e+01
1.402316086010594987e+00
-1.364542776343686512e+02
1.016304978840194622e+02
7.043444845493908701e+01
8.072749830392669423e+01
7.250750896948541424e+01
-1.397282943566729898e+02
4.903627863408807741e+01
-1.951102300170038575e+02
2.206801636660511434e+01
-1.559791089546913270e+02
-5.508962353100107379e+01
-4.380987636621476611e+00
-5.988561588979779060e+01
7.031129872188635943e+00
-6.983082935956016968e+01
1.806400098525286779e+01
-2.288409480410054186e+01
-1.596761116922054100e+02
2.492775533223743167e+01
-2.290750923621477853e+02
9.339315665686089574e+01
5.399588605953208997e+00
-1.326694147573869600e+02
-1.863740324095736014e+02
-1.002714999838342322e+02
-1.044590184320603932e+01
1.646674618370070675e+02
-6.396751408213581414e+01
3.744721311615995774e+01
3.939634033851923789e+01
-1.918486351164887083e+01
1.253576886245743651e+02
6.060363695912731430e+01
-5.410850241139176120e+01
8.716898117853901340e+01
8.999566995321167440e+00
2.393400084089361428e+02
-1.124201083159915129e+02
-6.586693006974982723e+00
-1.025232286003834048e+01
-1.417472101002437057e+01
-5.936393205079550484e+01
3.633024847789410217e+01
-4.954215053312373129e+01
7.104157958354774394e+01
-1.437337166668569921e+02
2.573028432954115985e+01
1.428407014750543169e+01
1.226050062508055305e+02
-2.158677985929806482e+02
-6.348495712361894050e+01
6.831059801743003845e+01
-1.388495417012288158e+02
-1.183768993921962931e+01
-1.126253801654043514e+02
-1.049334504287656955e+01
-5.691639642722199710e+01
3.434608000831536856e+01
4.411401328195749727e+01
7.818872927482068746e+01
-7.277402628375300253e+01
5.587549632996768878e+01
-7.009358064384491627e+01
1.157653044389340096e+02
5.401305656784042952e+00
2.220272703314175544e+01
1.677303720794276920e+00
-1.846888543107358203e+02
-8.998665011412488468e+01
-5.859478574137901852e+00
5.117076148278749770e+01
-4.193380627548346240e+01
6.685380331775014895e+00
1.135575309760582741e+02
5.128975656900179558e+01
1.872697286623072443e+02
4.780402659467182502e+01
5.213105471249461687e+01
1.335433438618805191e+01
-9.644400117213993440e+01
-1.129237577008033497e+02
-1.291038771091452872e+02
-3.884627878394130107e+01
4.393158906535769859e+01
2.446416744696653467e+01
-3.081597918934060232e+01
-8.848219441085376502e+00
-5.690798517817655267e+01
2.788322451134616387e+01
9.072155002266319102e+00
-1.405031688080709955e+02
3.116270494194403113e+02
9.408473451532913145e+01
7.400455376844428201e+01
-2.045588633725028558e+02
5.671042460238447802e+01
1.458207917807928311e+02
-5.869285665308296984e+01
-9.350409172544918590e+01
5.120440963005108870e+01
6.522837370779384969e+01
9.888986684741593081e+01
-7.635269431818855423e+00
-1.535538448209517810e+02
-4.699323259524648222e+01
-6.803909272305561728e+01
-2.794153688853279505e+01
-1.473308045246560738e+01
-2.598585333724227553e+02
-3.326314187799790290e+01
1.055362862338304950e+02
1.647174963004344761e+02
-2.245808387236144199e+01
1.086855272939371844e+02
1.390326279818532669e+02
-9.332397353917544081e+01
1.753421710880568440e+01
-4.032153485206982424e+01
-2.844585934181866094e+01
-9.810445752515245488e+01
5.270656725514923124e+01
2.467037158150846565e+01
-2.352937072708902235e+02
8.320857660180874404e+01
1.145612821566847117e+02
3.054621854010633797e+01
3.952380575205632596e+01
5.875562805521641963e+01
-7.235749596267840644e+00
8.534846112537893248e+01
5.609384716248007408e+01
6.594190831908819916e+01
-6.938952081164271135e+01
-7.325884233664955048e+01
2.429518426560090205e+01
-3.849109296606379615e+01
-2.433421723286992489e+01
-8.636469584358505358e+01
5.921893328397291612e+01
-8.341262729060809988e+01
7.490062748220015010e+01
-2.579547929622631273e+02
2.461887430521422004e+01
-8.950536377193873250e+01
8.024783932611862269e+01
2.450507811115016921e+01
8.304537121645009279e+01
-8.762190835249106158e+01
1.985948061234514128e+01
1.207301648114425490e+02
-3.336465285212582899e+00
-1.117192928416720434e+02
-1.877426763031597545e+01
1.059776904068901615e+02
6.464116457616933076e+01
2.803794210002288878e+01
1.460729096034332315e+02
-5.179381813586768857e+01
-5.986700708789602743e+01
9.695231717855740783e+01
-2.945437369031565567e+01
-4.924936621093798550e+01
