 3D1     Ewald 
 1  0.0  1.0E-12  1
        9.7058164316         9.7338747400        12.2261285127
  113.2410   113.1967    90.3675
12
Li           0.3747174000         0.1228980200         0.7462956800    1.000  0  0
Li           0.6252826000         0.8771019800         0.2537043200    1.000  0  0
Y            0.1245757900         0.3745110000         0.2494134100    3.000  0  0
Y            0.8754242100         0.6254890000         0.7505865900    3.000  0  0
F            0.4586400700         0.7638208000         0.5869553500   -1.000  0  0
F            0.2643159300         0.6321515500         0.0881555800   -1.000  0  0
F            0.8709832100         0.6766149700         0.4123660600   -1.000  0  0
F            0.8233158900         0.9559992100         0.0882493300   -1.000  0  0
F            0.5413599300         0.2361792000         0.4130446500   -1.000  0  0
F            0.1290167900         0.3233850300         0.5876339400   -1.000  0  0
F            0.1766841100         0.0440007900         0.9117506700   -1.000  0  0
F            0.7356840700         0.3678484500         0.9118444200   -1.000  0  0
800
        0.4757552320         1.1032983915         0.6646149124
        0.5500610406         1.0053168516         0.8690915407
        0.6716715524         1.2503652829         0.7118123632
        0.4391331623         0.9712966118         0.9538805140
       -0.0233636507         0.8129339591         0.6558128827
        0.3545483470         0.4885863320         0.5296607886
        0.0579879456         1.0544520375         0.7059545425
        0.1088834152         0.7404816007         0.7525656202
        0.0789417325         0.7420715979         0.9951454874
        0.8807985533         0.4769693229         0.6435671712
       -0.0403051169         0.3869069019         0.8084123612
        0.3617272089         0.8005283227         0.3350655704
        0.7418086473         0.3100587707         0.9517463988
        0.5941406851         1.1929552625         0.8566516755
        0.0276144632         0.3133143317         0.6508476367
        0.1031949921         0.5692917809         0.2635135234
        0.6765372811         1.1993586180         0.1530268870
        0.1729522618         1.0452756489         0.6764421912
        0.6602967193         0.8263884958         0.4998780246
        0.9451974106         1.1559566976         0.2741283375
        0.6038661383         0.7129487900         0.5390848821
        0.7734798866         0.9166269537         1.0338290749
        0.1153411613         0.6725873982         0.8628204640
        0.6977707419         0.4076448407         0.7903110038
        0.8566563441         1.0303215258         0.1743588710
        0.5121717774         0.7752519711         0.5110775126
        0.7579861693         0.7941700493         0.6313608474
       -0.0040972143         0.9856196815         0.1538752431
        0.4319050415         0.4783453922         0.9865841370
        0.7109508328         0.5166720641         0.8435490348
        0.3821107944         0.9435567766         0.7109584160
        0.3718760017         0.4863914206         0.2163207488
        0.1325306199         1.1142851379         0.7159796857
        0.7848355521         0.7591536005         0.1209251760
        0.1902415722         0.7984891078         0.2455008101
        0.2269017034         1.0893050949         0.9739985888
        0.7361361728         1.0214275110         0.5233516402
        0.1303232773         0.6814808366         0.0962601672
        0.1999065768         0.7593108000         0.1313147089
        0.1440320209         1.1858861645         1.0701872148
        0.2154283146         0.6090232275         0.4658582922
        0.5636325417         0.7435968152         0.7333253553
        0.9496024354         0.9355627729         0.6183899353
        0.9557700296         1.0842684469         0.3296793953
        0.4666307275         0.8471962133         0.0880286639
        0.3485880432         1.0903389345         0.1883731703
        0.1123788380         0.7053159036         0.8565742945
        0.9391225649         0.8744917382         0.5878498840
        0.2372212382         0.9600296058         0.2759414460
        0.0226738329         0.6076586949         0.1135921633
        0.1263921016         0.5417099689         0.1907555213
        0.2827222514         1.0847714632         0.9932212115
        0.4216503705         0.9006397545         0.6362841801
        0.8496390513         0.7310930064         0.8204372802
        0.7622812829         0.3053931636         1.0315525659
        0.5229195736         0.3604240204         0.8499057070
        0.4266407844         0.9030453524         0.5991620510
        0.9463356834         0.7644797006         0.5547453508
        0.4974375074         0.6101472010         0.9538318860
        0.2446888375         1.0842287492         1.0822189516
        0.7378563387         0.3782075680         0.5638239079
        0.7658552220         0.6275181166         0.9854329149
        0.6851574908         0.5058633434         0.5310809420
        0.6315480259         0.9584352109         0.1337215427
       -0.0152228648         0.8068357716         0.7507226860
        0.9066070847         0.9174704081         0.1498939165
        0.6584818997         0.8311269668         0.3798024694
       -0.0322238877         0.5348078311         0.4736852175
        0.7622000526         0.5163099299         0.6326703191
        0.3881670044         0.6755253616         0.3613687272
        0.0113868123         0.6318525662         0.4709277866
        0.6913900389         1.1988047027         0.5140810182
        0.4876194125         0.6299524587         0.7356725916
        0.7741059817         0.4925227334         0.3461863430
        0.3673021719         1.0603700848         0.4534287299
        0.8727861046         0.3001082759         0.1115872544
       -0.0178107100         0.9863808468         0.9847634821
        0.3501325290         0.5712071894         0.9331835751
       -0.0380410457         0.2832732631         0.7365569275
        0.0206586117         0.7129750563         0.8969109348
       -0.0388223855         1.2006458481         0.6807528454
        0.7233813316         0.3053951880         0.5798226657
        0.2518926941         0.3439318398         0.4510981351
        0.7427515507         0.5316513375         1.0861363994
        0.6523067280         0.6694323703         0.7135336526
        0.8342924259         0.2682396685         0.2953900195
        0.4116697044         0.8473875256         0.4456498822
        0.3495784636         0.5676745509         0.1023121749
        0.7008746159         0.7140307369         0.2472823356
        0.6582716584         0.4255333578         0.1156761634
        0.1782139901         0.5163324268         1.0783537892
        0.2886312765         0.2845871081         0.6303124487
        0.0673384649         1.0495975175         0.1840203753
        0.3553087901         0.7424142399         0.2361956588
        0.2630787471         0.6841235667         0.4484698543
        0.1682107555         0.5704279822         0.2869910397
        0.7921595803         1.0871706285         0.8239216301
        0.1959557535         1.1257768616         1.0150243714
        0.8047174118         0.7084383824         0.2576170127
        0.0350368761         0.8586024681         0.5627604036
        0.5720928548         0.3558766040         0.5438348186
        0.5823127898         1.0118155918         1.0732280964
        0.3908447817         1.2053597373         0.4358565234
        0.0825695095         0.8596172713         0.8591640265
        0.2228394086         0.7298772683         0.3163684503
        0.5960649491         0.9848313382         0.5613710321
        0.7147107072         0.3306824254         0.3940988296
        0.3858681263         0.3467636053         1.0393240613
        0.9156728084         1.0603849426         0.1118014766
        0.6041663597         1.1845792253         0.4531202289
        0.2435087464         0.5854898750         0.9302148702
        0.7748488970         0.6236076668         0.5690906971
        0.5371787811         0.6142129832         0.5174219065
        0.3436762359         0.9962374674         0.9537314049
        0.7913163358         0.2777992447         0.3316059159
        0.1308676830         0.8238444231         0.5507879703
        0.1337158064         0.6948661918         0.7152452513
        0.1354177557         0.7270604488         0.8936107729
        0.0151464187         1.2095217460         0.4324124691
        0.2945715269         0.6927362015         0.6678344358
        0.8425188312         1.2056563166         1.0154601522
        0.0417798131         0.5866081492         0.2728607858
        0.5747482337         0.7275512568         0.4533234819
        0.6464046673         0.8213696731         0.6161265832
        0.1105659748         0.5565425424         0.9965279037
        0.8256193653         0.7474558383         1.0084853235
        0.1470734608         1.1485987361         0.6803332374
        0.3505553627         0.9582895905         0.7365219130
        0.9325369137         0.4347797915         0.8043969667
        0.0452111812         0.6936035524         0.1397080817
        0.3950788675         0.8468054801         0.7027680073
        0.4440150616         0.9997035433         0.2511918579
        0.0007291244         1.2588279223         0.5960636659
        0.8076276199         0.6503664257         0.5781296051
        0.8908772753         0.3400534366         0.3586764247
        0.5354789873         0.9796233908         0.4007561803
        0.1114744456         0.7428380665         0.4732420029
        0.3280003800         0.5479343120         0.2133125865
        0.3087576491         0.5131033420         0.4648861953
       -0.0195552898         0.3710871909         0.8244954729
        0.6093951612         1.2490584712         0.8670955960
        0.5981539028         1.2003448264         0.4926339323
        0.4224741391         0.9696403521         1.0021580880
        0.5376381162         0.8323787588         0.6924746036
        0.4265889041         0.5235829767         0.4325754351
        0.1777788015         0.6903467073         0.2862220085
        0.6267192894         0.8579843936         0.7061008212
        0.8214035426         0.2822663628         0.1109080781
        0.7271716419         0.6064922872         0.6066936314
        0.6539850118         0.3733497720         0.7674221779
        0.1093105747         0.4148017193         0.9240548909
        0.3624955477         0.9718398597         0.6661340304
        0.1679301797         0.3560508723         0.4826722407
        0.7477689146         1.1259627674         0.8644824612
        0.0824709237         0.5426296549         0.9484286093
        0.5673333663         0.8356062366         0.7808650907
        0.6137566267         0.7079045938         0.8884927055
        0.5538242996         0.7333098142         0.0956617485
        0.8708383970         1.0709763472         0.6162561523
        0.5174825678         0.8287413885         0.3668509336
        0.1262929121         1.1030582266         0.1681989870
        0.7790507507         0.2711027361         0.8439781772
        0.6471354242         0.7793914809         0.1764300380
        0.7661366322         0.8745092968         1.0829307236
        0.8896851476         0.8218747917         0.2189722093
        0.2826283879         1.1399668569         0.1974396187
        0.7662304016         0.5179566550         0.5539037322
        0.1886357879         1.1192244245         0.4417215316
        0.6641763691         1.1465348382         0.7682424921
        0.4953254761         1.0582264565         0.3981648247
        0.0306533872         0.4749945854         0.4372903353
        0.0331308884         0.4343278097         0.4376632441
        0.4799505795         1.1757817312         0.1611748691
        0.4246766659         0.9796996075         0.5251832534
        0.9019329932         0.9876370530         0.6693497132
        0.0313283923         0.6119112670         0.1745748362
        0.5383817802         0.5642101554         0.1581542479
        0.8195824386         1.0770596836         0.9085864343
        0.8744640718         0.6246574901         0.2721735815
        0.7880854573         0.3250222050         0.3405028832
        0.0057371068         0.6326313095         0.5068722267
        0.4866708628         0.6359188702         1.0049640848
        0.8118190565         0.7359999114         0.5016103910
        0.3789016504         1.2534404593         0.4531229615
        0.1500266196         0.9338810381         1.0103275565
        0.5220328759         0.4326528477         0.2023144173
        0.9542188913         0.5669375209         0.2482199292
       -0.0145794270         0.3532062457         1.0174369336
        0.4484778686         0.7468288647         1.0832025064
        0.4723133386         1.0896174078         0.8797992364
        0.4693456080         0.3056368637         0.2226363728
        0.8467618309         0.5895769460         0.6991649972
        0.1112638391         0.6252339732         0.3754844137
        0.7329318492         0.3841644294         0.1538677812
        0.3700555823         0.8490596735         0.4086524535
        0.3645682479         0.6492965947         0.9857839490
        0.5553959700         0.2782796598         0.0927127802
        0.2879668435         0.3201656930         0.8596848145
        0.1938091802         0.9112135798         0.5169825747
       -0.0065903220         0.7819136262         0.7066362349
        0.6940090157         0.4900692671         0.2536605068
       -0.0323738168         0.6971978236         0.8449022752
        0.8957747712         0.6668478910         0.2797561868
        0.4045905546         0.4319544812         0.8543891410
        0.4629580124         0.6726249879         0.4677733033
        0.4602822926         0.3661073041         0.9937021056
        0.3398589474         0.2818819585         0.4245717922
        0.7583583435         0.6525443789         0.7726215648
        0.2360555652         1.0405762567         0.1845783379
        0.0916941124         0.6788348129         0.9640696756
        0.7521447011         0.7638214075         0.5022003298
        0.2017261253         0.3399578107         0.6283653916
        0.6659190479         1.2564194081         0.3964263275
        0.2653949493         1.1418382319         0.7731968130
        0.1741639236         0.5764234592         0.8935808442
        0.4466403848         0.7743138293         0.2457325633
        0.6912592105         0.9205370786         0.4679196636
        0.3749651079         0.5071496882         0.8908592230
        0.6500026917         0.7262968966         0.4830385824
        0.6426147448         0.9336325083         0.2321635170
        0.0448790819         1.1294678531         0.8446959053
        0.0148762936         0.6313363944         0.7052449026
        0.1191742623         0.9140290747         0.1040430939
        0.6054140829         1.1120229141         0.8375458829
        0.2011407796         0.5286319214         0.7165972095
       -0.0297666981         0.7574666121         0.5023446087
        0.2046786482         0.6020482794         0.1053349050
        0.5951486899         0.5516440298         0.6755382196
        0.8701214543         0.8855666017         0.8927117620
        0.5518296143         1.0967608317         0.7275183910
        0.2158441747         0.9290285960         1.0846961176
        0.9263978909         0.9325003771         0.9914269232
        0.6346743598         0.4921666967         0.2877090641
        0.5581396482         0.3430678296         0.1571083682
        0.3191476621         0.8268401386         0.7935633528
        0.8785051543         0.4310585210         0.3734075667
        0.1507054252         0.7901476424         0.2674638273
        0.7400305754         1.0355436989         0.1921404495
        0.5872011617         1.1836404048         0.8219858842
        0.5543517615         0.3660785125         0.8965634937
        0.0340685814         0.3517074602         1.0035301151
        0.2763388447         0.5023342254         0.5902127794
        0.7200688985         0.7614584581         1.0267545235
        0.2239443606         0.9430861303         0.7476901951
        0.1288029678         0.9849689444         0.1676444621
        0.3467723762         0.5914247076         0.6102346001
        0.6074785459         0.4584103324         0.3896206701
        0.1085747351         1.2283713232         0.7688358731
        0.7844849014         0.2992096481         0.8296074345
        0.6310756402         0.3758748089         0.9728861018
        0.1928195679         0.8880617349         1.0833834464
        0.8503443075         0.6685827493         0.1894905893
        0.5937794133         0.4535924132         0.6360480133
        0.1969782541         0.5534644093         1.0809765282
        0.7387722840         0.4734918577         0.5423657752
        0.3949571683         0.8641248138         0.2060770664
        0.6502908706         0.7419528432         0.6779058416
        0.0086025226         1.0186883809         0.8178001564
        0.8198845108         1.0444530347         0.8694662342
        0.7892136137         0.5318418236         0.6292551898
        0.6664552434         0.3062741211         0.1553434402
        0.2112114754         0.7272873679         0.7598075630
        0.9346911837         1.2446424685         0.6951217244
        0.5170207450         0.4915699569         0.8790536685
        0.6914577549         0.7031315761         0.8430652697
        0.6511284690         0.6214695057         0.9198439928
        0.0624196301         0.8545757654         0.2471989063
        0.9412053686         0.9460637407         0.2070835829
        0.6892563792         0.6587690544         0.9616954433
        0.4389621577         0.8106132041         0.6074358237
        0.0144586172         1.1781129733         0.5335480034
        0.3633460541         1.0212723050         0.1536893720
        0.0313959027         1.1969529445         0.3830673619
        0.3689451290         1.0339606449         1.0085807488
        0.1760828173         1.1705181164         0.8059372906
        0.8761437784         1.2443611300         0.3849583990
        0.1785044338         0.8265173501         0.1640053777
        0.8793206762         0.2800097686         0.6078651005
        0.2873384750         0.7397918973         0.9765527852
        0.5052237103         1.1079592417         1.0415847835
        0.9181893637         0.8259114626         0.3018004063
        0.6108418915         0.3829403735         0.9158674012
        0.8124162468         0.5662641356         0.2159556364
        0.3392197454         0.9421249172         1.0665813537
        0.4586088479         0.8822953573         0.4480355725
        0.8405858528         0.3061561160         0.3132888991
        0.3906550419         1.2262311908         0.1197084810
        0.5521700429         1.1313555461         0.9458922635
        0.7529777050         1.1017945769         0.7866633405
        0.7918777434         0.4552567283         0.7954291844
        0.6583635528         0.6034143221         1.0422241943
        0.5880168175         1.1140981421         0.2717227918
        0.1494190594         0.8948945929         0.7693792757
        0.7539360091         0.8768738925         0.5332048410
        0.1632515144         1.1652624613         0.6420875437
        0.0676768143         1.0732898521         0.7616269203
        0.1044030305         1.1631837511         0.2294285737
        0.1374060660         1.0704377010         0.9946846618
        0.4786287933         0.6642497556         0.9816819104
        0.6849766107         0.9736463684         0.6573400723
        0.7290180909         0.6370140000         0.4781925656
        0.5756872523         0.6199396807         1.0589895547
        0.8898307134         1.1076122135         0.4330949120
        0.1118651951         1.2077102256         0.4438400995
        0.6311102126         1.1938377772         0.5207519924
        0.1145730523         0.7297988743         0.4309335107
        0.6799939036         0.7706068935         0.6865499842
        0.0881085605         0.4174014108         0.6520847965
        0.3422219470         0.5447664714         0.3100898246
        0.6800242084         0.2761728054         0.3404088491
        0.6805660566         0.9069003547         0.6844204966
        0.8803792099         1.0150957031         0.4684803501
        0.9372354858         0.4523642952         0.6715665428
        0.3319593007         0.2851786209         0.5599361090
        0.5062188706         0.7412088111         0.2604684430
        0.0508540712         0.7241531031         0.4923003635
        0.7318250438         0.9575628474         0.6879937041
        0.1887090178         1.0376260327         0.1559132140
       -0.0186072715         1.0368990131         0.9154157582
        0.8010540496         0.5755782276         0.2379080465
        0.8465193110         0.7017194053         0.1083900191
        0.8323998226         0.5185541370         0.3520311647
        0.0712613805         1.1053255353         0.2870453421
        0.5122478359         0.4426328663         1.0063696711
        0.3575796593         0.7994035569         1.0858810324
        0.1938028222         0.4892181736         0.7354625933
        0.7509757697         0.3691202300         0.8285517347
        0.6157128116         0.9264727487         0.4341701317
        0.4017588976         0.2644092129         0.8364716021
        0.6944292616         0.5551225828         0.9727570542
        0.7641746519         0.9427013366         0.7549763248
        0.0498467929         0.2866089739         0.4624079864
        0.8042980757         0.9237188217         0.6909551207
        0.7200413996         0.7913647462         0.4081070923
        0.5048770197         0.7313647402         0.1147426271
        0.4945609879         0.8615630163         0.5588778943
        0.6335669803         1.1982085212         0.3022543965
        0.5712771292         1.1669189920         0.8562807815
        0.8313377967         1.1766442561         0.1370866540
        0.7672265749         0.7542865155         0.5915740516
        0.1056856307         0.8687985239         0.2716610203
        0.3632453177         0.9053847199         0.3120290779
        0.8464004186         1.1926776712         0.0885212218
        0.8090925882         1.0592177642         0.9488432082
       -0.0026960069         0.8934036413         0.4487014831
       -0.0292666640         0.5950715354         1.0339774100
        0.7503565847         1.0460168816         0.4893936920
        0.0458213690         0.5110960649         0.1987828593
        0.2975498405         0.5948757891         0.2703261227
        0.6453059379         0.6210478966         0.5298548157
        0.7287292309         0.9184369671         0.3206918849
        0.8050422218         0.7289784880         1.0347457388
       -0.0156083999         1.0596763281         1.0606893622
        0.5096937518         1.1446156053         0.9707848426
        0.9423809117         0.3078038390         0.7211899149
        0.3170020749         1.1217029724         1.0221105081
        0.7625514707         1.0834192654         0.9530158121
        0.3529752437         0.3355933306         0.2127507548
        0.6032772573         0.8947579745         0.9697338080
        0.8302607440         1.2165212874         0.2744280668
        0.0252513084         0.7206744459         0.3371247765
        0.6461835183         0.8173629990         0.3875087486
        0.3149536805         0.9803537863         0.1144073761
        0.7720526941         0.8717642337         0.2654362726
        0.0710254508         0.5058680622         1.0414415921
        0.7965451622         0.5177032039         0.8348086139
        0.8037573391         0.3913157787         0.9751554155
        0.6558613577         0.7777727348         0.9901965731
        0.8010553800         1.0912030554         0.8422893599
        0.8601564821         0.9028956623         1.0145538159
        0.2627369359         0.7215930265         0.1967223265
        0.4403835293         0.3993701246         0.5059553998
        0.1491856102         1.1852441330         0.1098249873
        0.4423985600         0.4332230955         0.3891842779
        0.5950279131         0.2941681771         0.8538721059
        0.2230091028         0.4978851315         0.9328293430
        0.4600043492         0.7120824793         0.7514686254
        0.0222211477         0.4655638025         0.9740576285
        0.4478461633         1.1241388377         0.2270025528
        0.5987522232         1.2588423854         0.5396983359
        0.3707917513         0.4026172633         1.0296387125
       -0.0057151849         0.9117263708         0.3975321523
        0.9484012714         1.1142515883         0.2563733095
        0.3683546070         0.8312684731         0.2245411097
        0.0044640768         0.6826142770         0.5273903721
        0.4133505010         1.1407041208         0.3453128044
        0.1450318442         1.0897127247         0.9729066761
        0.3103166713         1.1727455253         0.7707459150
       -0.0345228809         0.8665299393         0.3110369004
        0.1894646858         0.4698708740         0.4878404176
        0.2207658044         0.4381728636         0.2170053421
        0.5064869080         0.4653380958         0.5823653018
        0.8252697607         0.4995657855         1.0205322751
        0.1000804695         0.7198467518         1.0625552481
        0.4714354690         0.9879336059         0.4731371223
        0.7262706917         0.6131673509         0.1724684798
        0.0822976441         1.1340165645         0.6030497112
        0.1727702089         0.7558129130         0.7136878173
        0.6111203621         0.6897199193         0.6181200261
        0.4741415959         0.5421726878         0.6177929429
        0.3749746150         1.0369892924         0.4013910869
        0.5645677091         0.8594966724         0.5064852015
        0.6078932716         0.5467615281         0.2921583601
        0.0487435534         0.9353865585         0.2613102643
        0.5979962971         0.9062903190         0.4285272745
        0.7193038728         1.2458754567         0.4161650435
        0.9052033987         0.7674975231         0.6124905218
        0.3626729452         1.2311646932         0.6419814943
        0.6115245612         0.4903219650         0.5502850199
       -0.0410657438         0.7442250048         0.5354592489
        0.2777178982         1.1543858100         0.8762920768
        0.4226296293         0.7858248548         0.4101536302
        0.7416376022         0.6241682261         0.7506320017
        0.6762892684         0.9886133849         0.7918738242
        0.9334988108         0.4923372920         0.3807909618
        0.1246931704         0.9544380265         0.1270390990
        0.4968945645         1.1915141726         0.9216847256
        0.7309461335         0.3250120690         0.9295713587
        0.5405786029         0.8579717666         1.0557106523
        0.8756909289         1.0215862661         0.3156916769
        0.4175155044         0.8673476396         0.9874420609
        0.8915324128         0.2986707513         0.5858746282
        0.1130370725         0.9688017374         1.0397220880
        0.2480817017         0.7987439179         0.1024822752
        0.0220924947         0.3523960880         0.5585087673
        0.0474441571         0.5057068791         0.1358038109
        0.8421089947         0.8074620219         0.2327652690
        0.3312261975         0.7225052980         1.0793455269
        0.3114638268         0.8869171463         0.2201123970
        0.3676158024         0.7845503896         0.2929256268
        0.1734435755         0.8146987791         0.5379927175
        0.6909249231         0.7190890962         0.3997664703
        0.6201855329         0.6194219174         0.4935356709
        0.4303340526         0.4504474290         0.2449106317
        0.7440782102         0.9727983700         0.8551229231
        0.3385832928         0.6486382837         0.0964183664
        0.2769717035         0.9160470671         1.0503497774
        0.6504451562         0.8133740675         0.1902222855
        0.8447575576         1.1354600160         0.8023892752
        0.0974513615         0.9677267184         1.0562705948
        0.5683829955         1.0311713708         0.8305001856
        0.5148016963         0.4491147115         0.6285396842
       -0.0061299979         1.2362364188         0.7000082936
        0.5701095155         1.1172824866         0.7956250071
        0.8900652490         0.6666258524         1.0725071799
        0.5861636823         0.4826356921         0.9078151145
        0.2997272757         1.2106874670         0.7307523543
        0.2895453310         0.4453732071         0.4102036840
        0.6019221498         1.0520932478         0.7665562109
        0.5839088491         0.9535893775         0.8672732000
        0.4164891377         1.0585176287         0.0956051700
        0.7214195556         1.2085951345         0.7985038299
        0.4312500556         0.9110291217         0.5540132468
        0.9290133120         0.9979429050         0.4415164407
        0.9033480805         0.4149182727         0.4085293842
        0.4832138947         0.4000162796         0.2563609523
        0.3713883073         0.9306487079         0.8300507981
        0.1117191265         0.3425498649         0.8482804429
        0.3927461039         0.7753449949         0.8062316395
        0.7072600806         1.2515979966         0.3830066700
        0.3975379429         0.9576242647         0.2868977912
        0.2620504498         0.6287035845         1.0309444742
        0.6233121929         1.1131038821         0.6828973770
        0.4876868485         0.8580468815         0.9491440545
        0.5680685888         0.7945557489         0.9385635943
        0.6218570947         0.5886004264         0.6095709767
        0.7428351326         0.7263027145         0.8068868825
        0.5993027895         0.5871309294         0.1916319721
        0.8062432112         0.6638416802         0.6875540208
        0.0672420244         1.1261650179         0.2523309464
        0.8734847040         0.7067770829         0.5513744251
        0.7150000285         0.9786149593         1.0524281124
        0.7056982018         1.0956819982         0.4649427235
        0.0832702660         0.9473688787         0.2109375484
        0.7537059680         1.1423736211         0.9611846519
        0.1693854008         0.9199034470         0.5714163743
        0.2395870126         1.0680334447         0.9243176833
        0.8793770111         1.2009963992         0.8048751600
        0.1867897972         0.7680014713         0.2160468742
        0.2985928261         0.4499423238         0.6952271612
        0.1822865187         0.9702015103         0.1283149643
        0.4984904092         0.7891228978         0.8326393155
        0.2005305822         0.9228176643         0.3626437952
        0.7490625168         1.0780884171         0.3206574187
        0.3416874697         0.7361357682         0.5692155836
        0.0820249325         0.6632025896         0.1375030815
        0.2365580789         1.1080364212         0.1212782358
        0.4419646830         0.3818824062         1.0804495461
        0.6660107917         0.4687362961         0.9617876344
        0.4998127693         0.3855713343         0.3202283656
        0.8821490409         0.2653586699         1.0857496653
        0.7815630243         1.2533057237         0.4298996244
        0.7867276027         0.6559135392         0.5063161562
        0.0147963832         1.2331614400         0.2673649760
        0.9420742348         0.2749703560         0.6489793672
        0.1703994806         1.1141017074         0.8118966411
        0.7987152751         0.9314956565         1.0757841907
        0.5473487411         1.0661024706         0.1775719732
        0.5132143046         0.4037121987         0.2434921302
        0.8122966742         0.7439835371         0.6776394913
        0.2470008298         0.9682871488         0.7648083180
        0.2406847693         1.1200426231         1.0064611848
        0.8715164689         0.6783273909         0.5772325729
        0.8101694600         1.2427207282         0.7344024290
        0.6076984062         0.6477752211         0.5888209597
        0.8660781304         0.5583319854         0.5175765529
        0.9318021853         0.4677645646         0.5602803742
        0.2764981900         0.4558124335         0.7148216926
        0.7094320289         0.6822396119         0.9286173785
        0.2964702681         0.4296165200         0.7268022756
        0.7665814354         0.9667291745         0.6765346404
        0.6312783012         0.6340761861         0.7266875087
        0.3122886383         1.2308498836         1.0104121677
        0.4754699987         0.9957855053         1.0403482431
        0.2532934317         1.0439057999         0.4350134754
        0.7852575987         0.4889751530         0.9928806441
        0.1723262063         0.7494989514         0.3488598267
       -0.0402732772         0.3756418860         0.4561380439
        0.7656970738         0.6537777996         0.6816302174
        0.7024921843         0.9526487862         0.9488409363
        0.5996291118         0.4097863892         0.4414685930
        0.5980836535         0.5880066199         0.5096316730
        0.0306440904         0.3953373373         0.2541964061
        0.2392545992         0.2849328903         0.2152378565
        0.1333950203         0.7468453165         0.7680480075
       -0.0396264292         0.7589502382         0.7014421541
        0.5202814960         1.0376562261         0.3884343687
        0.8878536922         0.2750299383         1.0365710866
        0.2060488934         0.8827415954         0.2469300908
        0.3600316651         0.4520915809         0.9338460872
       -0.0033545037         1.0914478683         0.1027323474
        0.6990591679         0.7813482729         1.0573302097
        0.1886038956         0.4288990800         0.5629635180
        0.8295062307         0.8776319668         0.3695309904
        0.7499392070         0.3938030746         1.0476427733
        0.4554325026         1.1630086201         0.7861446651
        0.4188144096         1.2168588164         1.0316828363
        0.3830194617         0.8065507170         0.4191340776
        0.7629956409         0.2893637159         0.5011423998
        0.1355207839         0.7624020502         0.8882642772
        0.5350845593         0.9544053741         1.0671541712
        0.1019064800         0.7014193708         0.7768758320
        0.2100050186         0.8337305301         0.4655074874
        0.7493192310         0.8917005738         0.9341798322
        0.8474949706         0.7602732752         0.7974077316
       -0.0380406491         0.5565988293         0.1787068633
        0.8948917940         0.9309626728         0.6334599782
        0.2025753536         0.6820196019         0.4951250413
        0.2473446443         1.0553097489         0.2884406433
        0.0659090453         0.5928747742         0.5336385455
        0.9554677537         0.9847192836         0.5397141934
        0.5214302335         0.4335065125         0.1110938363
        0.1566574733         1.0210047290         0.1596821122
        0.9040666366         0.8513718605         0.8855923414
        0.1940333905         1.1636687389         0.7798660095
        0.8293232985         0.5558541654         0.0910255987
        0.3441064615         0.9842855894         0.9289971816
        0.4295666437         0.8902626315         0.8974779135
        0.6377590689         0.7976708279         0.7062723675
        0.6355135221         0.5288910240         0.7622057415
        0.8436274112         1.0045258423         0.2699533873
        0.4127613314         1.2432808913         0.8649007631
        0.0497416789         1.2541711214         0.1219372193
        0.5450810403         0.2704959432         0.7618857363
        0.5013033856         0.9659294624         0.2422502630
        0.2722852653         1.1806087686         0.1815114284
        0.0836910377         1.0433438327         0.9270645724
        0.0594841847         0.6407215897         1.0398613664
        0.5539935581         0.6337627423         0.8136915586
        0.1832199230         0.2880467724         0.7873414535
        0.2197192096         0.5426958675         0.9990684247
        0.5083668678         0.3212768213         0.9508702646
       -0.0009132044         0.8436557920         1.0259176051
        0.2978007253         1.2449373495         0.8338486738
        0.6141727417         0.3439331912         0.9349498195
        0.2578404820         0.5902826892         0.5946510468
        0.3815369584         0.8962225283         0.9216790932
        0.5608647053         0.4673232003         0.5376209438
        0.7645333391         1.2391115345         0.9637967156
        0.7055205743         0.3901118155         0.3795398551
        0.2184807187         1.0108884863         0.5635230847
        0.5074229253         0.6332115006         0.7004804946
        0.0534894197         1.1361468452         0.4309858528
        0.3232184611         0.5867662637         0.8793510773
        0.2764271109         0.8516193922         1.0113380595
        0.5556645546         0.4701978332         0.6225099805
       -0.0245622902         0.7278174495         0.4535138424
        0.3818830819         0.8135772899         0.2890024785
        0.8664933378         1.0004387451         0.2253965938
        0.2075621812         0.9944523854         0.1789525276
        0.0954907672         1.1235434998         0.8080911143
        0.9039786447         0.4750533813         0.3371451757
        0.2990676731         0.3652899864         0.4810586262
        0.2759759952         0.9476528802         0.4688695525
        0.2166327727         0.3590225406         1.0477430832
        0.7746633449         0.3598726488         1.0409686616
        0.5615379437         0.2996116969         0.6769661197
        0.8654405664         0.3940540726         0.5629690974
        0.3437873418         0.8561520738         0.6755471841
        0.0510117096         0.6401379299         0.5749742755
        0.4845087223         0.3427463602         0.3058817335
        0.0409495815         0.9169105077         0.7068456706
        0.9142581978         0.2923588731         0.7856840963
        0.7183546635         0.6497270663         0.9777260153
        0.8693640515         0.8964256388         0.3946870106
        0.4289180747         0.9539475587         0.1998725731
        0.9538559777         1.2184754890         0.4479880920
       -0.0174512725         0.5215712736         0.5983086170
        0.6397858093         1.2124701039         0.9934449726
       -0.0233443931         0.5704537062         0.6606038008
        0.7006452278         0.3712713664         0.1728333443
        0.1207622345         0.5878771512         0.5590172472
        0.8321974154         0.3308052761         0.8664146668
        0.8974551131         1.0773533857         0.4257286066
        0.3671732261         0.4452231036         0.1498780371
        0.2212178399         1.2415962413         0.9253336791
        0.3460182271         1.0753618235         0.8203681256
        0.2422569896         0.8486004913         0.8208248714
        0.8421411714         1.2357753400         1.0505856902
        0.0763815029         0.9956793838         0.4565094311
       -0.0220380342         0.6680822507         0.7865132122
        0.4192370950         1.1145758500         0.1041098214
        0.2482709910         0.8430559756         0.7590261772
        0.2069804282         0.4912892434         0.8553493145
        0.7173096419         1.0653405835         0.2492153825
        0.3815194996         0.5224507078         0.2610451385
        0.4182720772         1.0874870973         0.6030995676
        0.7828618678         0.7593049586         0.4994459404
        0.3853774240         0.6687807783         0.5447898019
        0.2555324808         0.3098111416         0.5193144421
        0.2107418593         0.6041969776         0.8137442283
        0.1351937605         0.9839311101         0.5704369377
        0.3969260109         0.6411736452         0.7235053782
        0.6179598983         1.0791099898         0.2816221396
        0.1341541533         0.5498566506         0.1293242590
        0.8598549214         0.7552660055         0.7129099861
        0.4248213135         0.6442944542         0.3166347521
        0.6121446653         0.7157316517         0.1810803178
        0.5360122662         0.3591454248         0.1204464159
        0.8652659629         0.5659709094         0.4761816449
        0.5066446233         0.7271282011         0.5705231168
        0.7628008658         0.3970549756         0.3666077110
        0.8928256265         0.8599712144         0.9501843882
        0.4464340267         0.9701185393         0.8536695069
        0.7410658252         0.8865471354         0.1169907786
        0.9352441186         0.5012225251         0.7094041861
        0.7218008574         1.0481998694         0.6917110262
        0.0414148340         0.8741657551         0.8376610080
        0.5485473178         0.5326931428         1.0401674770
        0.2619383350         0.8523759231         0.1769774888
        0.5344881851         0.4103791211         0.3785581280
        0.8388290433         1.1203027261         1.0009939795
        0.7486909897         0.7953973626         0.4402840932
        0.1342685854         0.9526949215         0.5103692266
        0.2648158885         0.7995920303         0.3089109814
        0.1824985678         0.6265885049         0.4400410536
        0.8786626125         0.4065477237         0.4603160422
        0.2720662270         0.9341299606         0.5861584086
        0.4022318355         0.9966133570         0.3919882186
        0.9440872619         0.8633193579         0.4596077454
        0.7089352585         1.2035222768         0.4827668964
        0.4753662849         1.0602630534         0.2489629884
        0.2407951594         1.0751536135         0.1683670749
        0.1279271633         0.7742591964         0.3578297201
        0.2939701907         0.2675776151         0.1719241499
        0.1941622539         1.1650364869         0.9900856588
        0.2022945788         1.2200748120         0.7227709990
        0.1377359822         0.4686835634         0.7014050935
        0.5108490585         1.0475981708         0.9102901369
        0.5093524295         0.6690071838         0.4923118264
       -0.0132087006         0.8299657592         0.8042100356
        0.1989749916         0.7682199990         1.0644460082
        0.8265116162         0.8047357060         0.3740099144
        0.8292099712         1.0561897882         0.3208819550
        0.6095502361         0.9679093638         0.3607799515
        0.2342654214         0.2795977896         0.6767622376
        0.8017781745         0.5615874933         0.9338433919
        0.2550259157         0.5180256676         0.6863714385
        0.5788243283         0.2973954278         0.7860961696
        0.6686514560         0.4368919239         0.8794286408
        0.5910973519         0.4140250738         0.2725744679
        0.7294272083         0.6197705360         0.4566299612
        0.1159861826         0.4130455346         0.5724905380
        0.8499647314         0.8157619660         0.7477648504
        0.8699780063         1.0371813320         0.6830363807
        0.9358908819         0.8842714667         0.3176581221
        0.4330276449         0.9955180463         0.6452526809
        0.2323728038         0.7282127334         0.8776067305
        0.5907100033         0.8442210807         0.6032092549
        0.3021523821         1.1355552423         0.9380365312
        0.4878649274         1.2070908345         0.4957043284
        0.5341000260         1.2390477040         0.7516729809
        0.9026406759         0.6479376989         0.5364001767
        0.3893289081         0.8076100292         0.3472510545
        0.2727931026         0.5993153239         0.6368419901
        0.5952377697         0.3754298242         1.0678449722
        0.7129927042         0.9999839419         1.0595734362
       -0.0266699149         0.6444737919         0.3418553455
        0.5641200736         0.8011736645         0.7995186110
        0.6706516456         0.5715296331         0.4621561770
        0.9444445871         1.0566061299         0.6357055979
        0.2728580858         1.0398437881         0.6257432970
        0.8696740934         1.1577031910         0.9182779163
        0.1623709348         0.9320948806         0.2440637679
        0.3284475606         0.5014588788         0.2613913441
        0.1108415898         0.7107154827         0.5140123282
        0.1220688303         0.4791910904         0.3662260399
        0.8908189858         0.7075598062         0.5890907887
        0.3750445154         1.1744971025         0.1433570077
        0.2651043606         0.5502973306         0.5129716297
        0.9171803913         0.8574297005         0.4146799805
        0.5905299435         0.8146524399         0.6697160287
        0.6008610503         1.1703777237         0.1448819952
        0.0535743623         1.0347403139         1.0210874555
        0.3338186655         0.5066173489         0.4756203283
       -0.0157192999         0.8497725617         0.3982082716
        0.8743124829         1.0719829456         0.7048148835
        0.3235964732         0.4383237345         0.5085668064
        0.7339964366         0.4790862067         0.1024473700
        0.2170083752         1.0662188207         0.1076763212
        0.8572307617         1.1202217726         0.9110950199
        0.8813128843         0.6018972035         0.6578199351
        0.7357125584         0.9637608439         0.6494410900
        0.3821053837         1.1467433377         0.3534515720
        0.7595728630         0.7369681955         0.4985464765
        0.0158217616         0.3549458434         0.7667869109
        0.3141410036         0.5612261098         0.2508497262
        0.2368208723         1.0533328656         0.7744981233
        0.8625754507         0.6770492095         0.6772420289
        0.6670843968         0.3792007489         0.4838878569
        0.4010506439         0.6404638452         0.1455270294
        0.8721045720         0.8184348628         0.1592416466
        0.5814567399         0.3804016775         0.1643835204
        0.5951371477         0.8579932455         0.8688651929
        0.3410680089         1.2562320498         0.2344449328
        0.5676640963         0.6417524695         0.7095255920
        0.7800868067         0.5316488019         0.7193350105
       -0.0202485160         0.5824630534         0.2159074784
       -0.0214150652         0.2824158443         1.0844789657
        0.0964593906         0.8306371764         0.8094545307
        0.2313054426         1.2441732517         0.8475791089
        0.6977595144         0.3654511126         0.2796989216
        0.3207253162         1.2256527181         0.4906825702
        0.5088227602         0.6111352705         0.5662158531
        0.9177263677         0.7957690411         0.5995198933
        0.8227101969         0.5214976165         0.3283416318
        0.5204157276         1.1807577449         0.9203108326
        0.6779343260         0.3843618307         0.2375597230
        0.0850461041         0.3989317663         0.7778816109
        0.4816393786         0.8964573682         0.5646918027
        0.7785717204         1.1321762612         0.7027219284
        0.6485175169         0.7397169625         0.7240865773
        0.2543813654         1.1444187570         0.2630891275
        0.3898877173         1.0666795309         0.5245889374
        0.0773647401         0.8391559379         0.5397975850
        0.7996196568         0.5994121498         0.2114788015
        0.8073498836         0.8645787863         0.3738838111
        0.5170253510         0.2930892369         0.9374621595
        0.8646291213         1.0733279847         0.9668499363
        0.8817354659         0.4634640886         0.8970111224
        0.5185518328         1.0305951362         0.1394359002
        0.4042769040         0.7778431404         0.6279809611
        0.3123789277         0.4737077322         0.9940498453
        0.3961693649         0.4909040957         0.8112663834
        0.6118940412         1.0027924259         0.3310404110
        0.3640920913         1.1678055510         0.2007131550
        0.8439602896         0.2642644899         0.8921897034
        0.0713360740         0.2738439345         0.7916362864
        0.2748320922         0.6141285869         0.1718927499
        0.2910713976         1.0589414266         0.4497183329
        0.1143294166         0.2652103197         1.0809482029
        0.3074253131         0.8970618756         0.7490627024
        0.1641383525         0.8796664876         0.9087471693
        0.6951669412         0.2792674493         1.0672369539
        0.7024596007         1.0963295143         0.9515764735
        0.8419479745         0.8273064331         0.8779828997
        0.7489294886         0.7752707782         0.5599076869
        0.9230560411         1.1709797135         0.3402099391
        0.0586609320         0.7921508084         0.1731518077
        0.6397219176         0.6873335563         1.0412344461
        0.6833755663         0.3353132738         0.4209924501
        0.9377514062         0.4234732183         0.1146484198
        0.5805179883         0.8272725193         1.0133378298
        0.4733902114         0.9656239549         0.8344710511
        0.5395201746         1.1250772989         0.2165651638
        0.5085829319         0.4428850937         0.2764232813
        0.4834965374         0.4046884695         0.9990197978
        0.3666526947         0.9307214326         0.5704952466
        0.0840631600         1.1953396393         0.9844487417
        0.9447704384         1.0191155339         0.5535663048
        0.6513878861         0.7956246579         0.5266506613
        0.2729579414         0.8116053241         0.5280416145
        0.2494308566         1.0034055207         1.0784990798
        0.4467050455         0.5036623555         0.5439832368
        0.6553464315         0.7764370162         0.4990894003
        0.1878673030         0.4551835111         0.6494486832
        0.1910173804         0.7010563072         0.6501160063
        0.8053528471         1.1440135809         0.8931488883
        0.9027269298         1.2543474279         0.3514996120
        0.4000443877         0.8004988767         0.3239780608
 
