-3.674301018516121342e+00
-3.674073679121905744e+00
-3.674126521598149342e+00
-3.673914650169650908e+00
-3.673841678261204002e+00
-3.673793424528706719e+00
-3.673844225087899318e+00
-3.673466856618837095e+00
-3.673517415217760984e+00
-3.673423066329505104e+00
-3.673655885982566538e+00
-3.673516591107140794e+00
-3.673619352828753737e+00
-3.690379152705693055e+00
-3.690254617677250604e+00
-3.690256406817513657e+00
-3.690272550056711509e+00
-3.693178422441777187e+00
-3.690220473671805390e+00
-3.690157906210155048e+00
-3.689943675381496480e+00
-3.701080245772217392e+00
-3.700963522532995764e+00
-3.700950942242023700e+00
-3.700575486693272076e+00
-3.700343250230146985e+00
-3.700553988196791710e+00
-3.700470171405147557e+00
-3.700437599089586360e+00
-3.700356704332597335e+00
-3.717059303035294082e+00
-3.716905337283596733e+00
-3.716856552623237775e+00
-3.716686459410718069e+00
-3.716535125999874012e+00
