0.000000
0.000001
34.115570
34.115572
57.473172
57.473173
121.770166
121.770167
307.648666
307.648668
349.843428
349.843428
388.258539
388.258539
416.133550
416.133553
6159.481337
6159.481338
6201.303039
6201.303039
6223.035955
6223.035956
6324.681835
6324.681835
6348.437899
6348.437900
6380.084651
6380.084651
6419.030123
6419.030123
11447.384982
11447.384983
11483.430452
11483.430453
11570.451212
11570.451213
11600.082834
11600.082834
11620.210488
11620.210488
11671.852527
11671.852530
15799.333601
15799.333603
16004.540481
16004.540482
16050.992043
16050.992044
16092.934664
16092.934665
16203.736529
16203.736530
18337.704367
18337.704368
18378.319663
18378.319665
18398.746516
18398.746517
18489.309621
18489.309621
18554.815603
18554.815605
21426.925226
21426.925226
21429.669351
21429.669352
22026.445882
22026.445883
22046.028917
22046.028919
22114.217936
22114.217937
22149.657337
22149.657338
24851.363954
24851.363956
24941.150467
24941.150468
24963.723271
24963.723271
25115.909102
25115.909103
25135.292114
25135.292115
25241.126306
25241.126307
25431.850119
25431.850121
25482.606681
25482.606681
25514.759865
25514.759868
26931.236798
26931.236798
26979.790005
26979.790005
29693.208975
29693.208976
29719.850857
29719.850857
29791.226732
29791.226734
29812.634168
29812.634169
29892.113475
29892.113475
33371.456194
33371.456194
33399.674578
33399.674579
33432.146755
33432.146755
33522.612385
33522.612386
36149.502029
36149.502031
36314.841673
36314.841676
36376.423812
36376.423814
42236.963187
42236.963187
42354.613079
42354.613079
42418.929799
42418.929800
42493.500036
42493.500036
45100.116061
45100.116061
45170.797224
45170.797226
45397.940455
45397.940456
47255.773027
47255.773028
47264.258223
47264.258224
48477.795863
48477.795864
