 3D1     Ewald 
 1  0.0  1.0E-12  1
        9.7058164316         9.7338747400        12.2261285127
  113.2410   113.1967    90.3675
12
Li           0.3747174000         0.1228980200         0.7462956800    1.000  0  0
Li           0.6252826000         0.8771019800         0.2537043200    1.000  0  0
Y            0.1245757900         0.3745110000         0.2494134100    3.000  0  0
Y            0.8754242100         0.6254890000         0.7505865900    3.000  0  0
F            0.4586400700         0.7638208000         0.5869553500   -1.000  0  0
F            0.2643159300         0.6321515500         0.0881555800   -1.000  0  0
F            0.8709832100         0.6766149700         0.4123660600   -1.000  0  0
F            0.8233158900         0.9559992100         0.0882493300   -1.000  0  0
F            0.5413599300         0.2361792000         0.4130446500   -1.000  0  0
F            0.1290167900         0.3233850300         0.5876339400   -1.000  0  0
F            0.1766841100         0.0440007900         0.9117506700   -1.000  0  0
F            0.7356840700         0.3678484500         0.9118444200   -1.000  0  0
800
        0.4861908243         0.3540292415         0.7467299145
       -0.3347873351         0.4175798691         0.6254188998
       -0.0636258086         0.4651476253         0.1510790997
        0.0875273691         0.3961372278        -0.1989707000
       -0.1699812997        -0.0753412183         0.2408302756
        0.1592682867         0.0232035101         0.3900877997
       -0.1257752355         0.5851938547        -0.0175122374
       -0.1437740170        -0.0437233003         0.0594413706
        0.5343175468         0.1563183460         0.1724984879
        0.0245222441         0.4390696008        -0.1343276678
        0.1630923648         0.2958823201         0.4944093465
       -0.2424594076         0.3102128248        -0.2154759293
        0.2269278991         0.2401682735         0.3755664629
        0.3711098895         0.3421335609         0.2612534377
       -0.0221797850         0.6201164988         0.0923674066
        0.2221832886         0.1126813891        -0.1364271249
        0.0676834630         0.6285001672         0.7150571809
        0.5325029495         0.6034722015         0.7245262866
       -0.1264664004         0.2205217168         0.0358765789
        0.2196241881         0.5225661810        -0.0066208238
       -0.1311699291         0.7675113156         0.0596879019
       -0.3753688770         0.3424900613         0.4640566650
        0.2385635104         0.1759673546         0.6950176415
       -0.0309694676         0.5363659980        -0.2193438784
       -0.0372125456         0.0201371570        -0.0262159174
        0.2176237724         0.1186811311         0.0889594961
        0.1826523576        -0.0868018672         0.2875289777
       -0.2477650337         0.8376087986         0.6101550918
       -0.1355867558         0.6534322263         0.2471977768
        0.4623701864         0.3837356964        -0.1804185856
        0.1956354638         0.1721900630         0.3289329112
        0.1858074389         0.7812636175         0.4501210198
       -0.1133404469         0.3306762773        -0.0073449483
        0.2818797409        -0.0534058405         0.5352233167
       -0.0424618128         0.1725189689         0.2521824000
       -0.2956846564         0.6417133801         0.0805627819
        0.1720628153         0.3322801627        -0.2060310076
        0.4454348859        -0.1132019799        -0.1739787782
        0.1834639529         0.5798533254        -0.0049146343
        0.5787268090         0.7780198557        -0.1658321491
        0.4776392039         0.8167553736         0.4124739726
       -0.3405451433         0.6051001031         0.2679467950
        0.2541435729         0.1505767742        -0.2059601113
        0.4095813938         0.6577820643         0.1477051986
        0.3457482088         0.3208584678         0.0929424111
        0.1104842157         0.4290346813        -0.0848680941
        0.3317310965         0.2098240283        -0.0657775630
        0.1818865592         0.7219826734         0.3943543070
        0.5029193884         0.0650945920        -0.0904198891
       -0.1323319401         0.3756660807         0.3329641023
       -0.3115418412        -0.0803369195         0.0863147173
       -0.1640900111         0.0388397266         0.1332684463
       -0.3439344608         0.6519254109         0.5459742522
        0.5486559801         0.4077003221         0.3889232950
       -0.3198271485         0.4911941744        -0.1963057326
        0.2076460047         0.3607137567         0.1916805012
       -0.2431579609         0.2794673642        -0.0535419313
        0.2194516204         0.8154533628         0.1246034460
       -0.1849612983         0.5764303781         0.5015942394
        0.1922633267        -0.0332070385        -0.1595903812
        0.1641290403         0.4810100909         0.1538431712
        0.6179901821         0.3157718419         0.0023697904
        0.2855625587         0.5175927162        -0.1381406411
        0.3983099945         0.4638647052         0.3985809788
        0.2375815278         0.5504905054         0.1794977280
       -0.2434306525         0.4029647962        -0.0185499983
        0.5965855735         0.6096272915         0.1195758238
       -0.0919938106         0.3179432499         0.3720405905
       -0.0266406204         0.2960160199         0.1456464303
        0.5074580006         0.1538273741         0.5193518518
       -0.1371438428         0.3449061221         0.4088660102
       -0.0986689663         0.3776238791         0.1000002402
        0.3031724281         0.3572042032         0.6836379343
       -0.0277093178         0.6065844896         0.4489735029
       -0.2582919444        -0.1136113276         0.5915768047
        0.2018683049         0.6325752382        -0.0076168847
        0.2504745872         0.2479539333         0.4331758863
        0.5934499793        -0.0604926115         0.6323447838
        0.5139213651         0.1929213034        -0.1268225272
        0.1066279107         0.2163606434         0.2713105901
       -0.0692578301         0.3425716141         0.1298419450
        0.2151568197         0.3811740384         0.5575723732
        0.5172492909         0.4656588007         0.4923629677
        0.5024112133         0.4666825919         0.2853298435
        0.4933460952        -0.1113752590        -0.1660031376
       -0.3334043762         0.5533322793        -0.1227274576
        0.1529503206         0.7773582625         0.4685040103
        0.1716698281         0.6013826253         0.3314266682
        0.2092950600         0.7201408707         0.0779630621
        0.5200277542         0.8390870935        -0.1051296066
        0.3260345533         0.0715749124         0.1299147388
        0.5595399337        -0.0839476738         0.2218843772
        0.3899695530         0.3870238554         0.6465409084
        0.4444409030         0.5312629202         0.4892206568
        0.3766294466         0.3721526972         0.6268564852
       -0.0041275389        -0.0547130167        -0.2302689080
        0.2678874122        -0.0232835344        -0.1145222253
       -0.2075053527        -0.0669406884        -0.2453836532
       -0.3284950921         0.8475089746         0.4859784664
        0.5401047365         0.5614492897         0.6893431333
        0.3735007920        -0.0194456245        -0.0927831109
        0.5887784835         0.8268944172        -0.2160852336
       -0.1462718660         0.6397953488        -0.0700602373
       -0.1424270804         0.7929962442         0.1678298941
        0.4408243908         0.0592080727         0.3579986357
       -0.0113216087         0.6365372837         0.2519312570
       -0.2763353919         0.7787472585         0.3149302123
        0.2069498044         0.0545253997         0.5366780541
        0.5101812673         0.3327081814        -0.1010640222
        0.1703435006         0.2690218468         0.6707068617
       -0.0741590057         0.5115913424         0.0347133331
        0.2903908520        -0.0444849623         0.4881820034
       -0.0783820559         0.5291469010        -0.1035499939
        0.2085597074        -0.1170133451         0.4133599892
       -0.0634138879         0.6576457398         0.4314942152
       -0.2916510301         0.4418064941         0.6708151839
        0.0583593863         0.8074375799         0.3897289240
        0.2339670600         0.4858506949        -0.2282497563
        0.5911952040         0.4155644654         0.5076777443
        0.0993471976         0.4511291822         0.1193949364
       -0.0041711352         0.6676025323         0.5822169157
        0.3293046704         0.1946305337         0.5734037208
        0.2469298246         0.1694670105         0.0886914088
        0.6076536259        -0.1055652671         0.0058200909
        0.3635224713         0.6711627452        -0.1344232044
        0.3558985698         0.4236893396         0.5437199658
       -0.1211059732         0.4182059732         0.2948868585
        0.2495805869         0.3208047694        -0.2101661932
       -0.3365687625         0.2693449379        -0.0418497989
       -0.1718004821         0.1972242845         0.5298338477
        0.0875081639         0.6473446729         0.6808066132
        0.3227386963         0.7742746918         0.5655424584
        0.2036672669         0.6420044260        -0.2212059414
        0.0726178284        -0.0675883583         0.1206246389
       -0.1672103250         0.2828117645         0.2437836456
       -0.1553884670         0.1211744438         0.5736411058
       -0.1070481824         0.0740070863        -0.1778326546
        0.0698266405         0.2799050489         0.1064971609
        0.3641518250         0.7713265347        -0.0286256128
        0.1299715001         0.6028082276         0.4725765292
        0.3027671147         0.2768012432         0.3372817609
        0.4402239640         0.6112811867        -0.0146179396
        0.1044033087         0.0528246977         0.5031710776
       -0.3114324947        -0.0139086241         0.7492682872
       -0.3402747264         0.0255822214         0.3599682921
        0.5035233171        -0.0943409162         0.4143909620
       -0.2940332775         0.4651454513         0.1834045845
        0.3563537610         0.4394436362         0.6162133632
        0.0704300369         0.3094174341         0.4439613785
       -0.0093997437         0.2185711866         0.4121695667
        0.3239260143         0.0447532819         0.3686473195
        0.5941289960         0.2875302428         0.5225469793
       -0.0397645252         0.4817177120         0.1530792123
        0.3797930583         0.6442050943         0.1319992764
        0.3353676215         0.4674846697         0.5925196340
        0.5373983991         0.5604457353         0.1383667210
        0.0745914987         0.2938167636        -0.1371867527
       -0.0639536420         0.6831956123        -0.0427268982
        0.3817231099         0.3128100416         0.3029512196
        0.3309456157         0.5487354201         0.0619005524
       -0.0501102468         0.8101496203         0.4877035258
        0.4741301794         0.6378426268         0.2741386634
        0.3967155495         0.3137940966         0.4131597115
        0.0317208571         0.3387104123         0.3287143314
        0.0049070415         0.4405907721         0.5478865963
        0.0324420236         0.6711080526        -0.1705033723
        0.3195024373        -0.0831357976         0.4407907242
       -0.3015358180         0.6376690631         0.7200335398
       -0.2592744981         0.7658670446        -0.2003049192
        0.5421691397         0.4966242514         0.7404365593
        0.5565145959         0.7751506584         0.5314122635
        0.5773735846         0.6191761141         0.4417148299
        0.1764284194         0.5475632594        -0.0806243487
        0.6117844606         0.0379375655        -0.0309978192
       -0.2851709826         0.2790117745         0.0797178595
       -0.0500891928         0.2429080313         0.3466547149
        0.4127326080         0.7729048732         0.5968241972
        0.2005060424         0.7499444078         0.2123497579
        0.0171994257         0.1366632849         0.1681517130
       -0.1135078981         0.1281677273         0.0191044364
        0.1026207787         0.6385452956        -0.0783134507
        0.3659725814         0.2819553173         0.5627093368
        0.4609278338        -0.0379468564        -0.0708007150
        0.5708909231         0.3220174240        -0.0824299800
       -0.1205810620         0.2545013942         0.3882981846
        0.0629630163         0.8357891277         0.3842230362
        0.3190933323         0.6955461194         0.0349466789
        0.1722923588         0.5457709658         0.7154977646
       -0.2230282741         0.0580065330         0.4272658128
       -0.2685309473         0.6914870013        -0.0221667737
        0.0469503752         0.4320529372         0.1263256248
        0.1954414632         0.8263334002         0.1249944862
        0.4617023658         0.4144077529        -0.1438725328
        0.4451591954         0.1627034589         0.4550751555
        0.5793245630         0.2411885251        -0.0203704007
        0.0757076109         0.2492069522         0.6354975773
       -0.2935806122         0.2448141508        -0.1787372269
        0.2175496353         0.6159588761         0.6335428276
        0.0332425096         0.6746355372         0.3668448910
        0.2556976914         0.1709797566         0.2579246458
        0.1726890748         0.8630778352         0.0623389113
        0.2461542607         0.7826401050         0.1095504182
       -0.1613083673         0.5100040617        -0.2433118882
        0.5184992703         0.3857155096         0.6418232260
        0.5801029932         0.2817313301         0.6720368564
       -0.2553147370         0.2558737994        -0.1558612035
       -0.3303672367         0.8408084810        -0.1465544238
        0.0835060233         0.6258598851        -0.2035849615
        0.0642635980        -0.0834185103        -0.0903251425
       -0.1595928665         0.5434049019         0.0578477952
        0.5076468818         0.7963115204        -0.0578775363
       -0.0105788382         0.0069583466         0.6228163050
        0.6217492271         0.3367697238         0.3485524615
        0.5180910014         0.0827518903         0.3197050607
       -0.2803645058         0.7176619425         0.3938013200
        0.4355850220         0.3235720445        -0.0987401063
        0.0740396784         0.3214319559        -0.2157033374
       -0.3543480489         0.2189776193         0.2956642825
        0.0355579001         0.7235108445         0.6812607526
        0.3364163929         0.7830983843         0.3765359828
       -0.0387630113         0.3981077431         0.2191809120
        0.2595202121         0.3947714390         0.7256397110
       -0.3305379616        -0.0070327093         0.1599290765
       -0.2503298491         0.5963352252         0.5952805956
        0.3146036015         0.0750731770         0.2313948586
        0.4190571244         0.2219341605         0.1659366769
        0.4001924733         0.7973759161         0.5704154857
        0.3682347176        -0.0750682913         0.3923423337
        0.5185084663         0.8698648654         0.4421857349
        0.0170703291         0.5202309706         0.4150314597
       -0.3194779317         0.3960266060         0.2732462409
       -0.0921052882         0.8004096199         0.5921656222
        0.2276842622         0.6585709134        -0.1157799464
       -0.2883165852         0.1267438206         0.4209210041
        0.2935693560         0.7884213295         0.6838261391
       -0.1846555454        -0.1103021394         0.1344710678
        0.4103886975         0.7493833858         0.3026059776
       -0.3645423457         0.5794032387         0.1863553189
        0.0807635122         0.2266815800         0.2833132310
       -0.1865108196         0.1668784683        -0.0813709617
        0.2272226609         0.4798933330         0.6624909383
        0.1224464795         0.7723045514        -0.1132117312
        0.2098498384         0.5885667037         0.5603344612
       -0.1704794098         0.2990820518         0.2215921232
        0.4332845791         0.4376304718         0.3600703657
        0.0026842411         0.5513457368        -0.0427322324
        0.5942260733         0.0435260728         0.4302375723
       -0.0353635895         0.7002826425        -0.0606109432
        0.0623905949         0.5083369935         0.6604643635
       -0.0622557523         0.4871568618         0.4065796503
        0.6032655050         0.2287704738         0.4393564430
        0.0586001811        -0.1040966982         0.1385774382
       -0.3075681892         0.1487727256         0.0337143110
        0.3217437777        -0.0867297973        -0.1969132777
        0.1616389941         0.4741431087         0.5083940160
       -0.1610347855         0.0986767938        -0.1659638455
       -0.1281267956         0.4893499768         0.3362178231
       -0.3276768422         0.7497711763         0.7110928471
        0.5010244763         0.4784264081        -0.0362985085
        0.1960633027         0.4547294386         0.2947468392
        0.0018296486         0.5567713613         0.1436693268
        0.6122111535         0.5161171410         0.1504620664
       -0.3395410975        -0.0006964941         0.4922005672
       -0.2531810418         0.1078480838        -0.2284971996
        0.0630111142         0.8468662648         0.4678251199
        0.3487756953         0.5624660535         0.2168816870
       -0.1745509369         0.5637063142         0.7154040313
        0.0284331159         0.1936401694         0.7219257853
       -0.2109325454         0.4370126986         0.6466324192
        0.0292026018         0.3271475291        -0.0219876265
       -0.3124353287         0.5454366935         0.0281892021
        0.4458414182         0.8489659793         0.1520596188
        0.5372851228         0.3167244298        -0.0268739783
       -0.1425286612         0.3447087375         0.7264188069
       -0.2950572481         0.1742866349         0.6525344739
        0.1281756470         0.2173081562         0.2980214777
        0.5873981364         0.0880416275         0.4761852989
        0.0583333572        -0.0300674035        -0.0492563015
       -0.1408632932        -0.1152508371         0.6185032319
        0.2548249829         0.7975953372         0.5308312142
        0.4933473264         0.5441806232         0.3278300909
        0.2888017994         0.5908256019         0.0042586460
        0.4424374680         0.0724548404         0.1877591822
        0.4199634284         0.5683564106         0.4367401194
       -0.2066849016         0.1249029842         0.1242368879
       -0.2839009027         0.6313829180         0.6088221428
       -0.3605976371         0.1033011607         0.0265186924
       -0.1110445945         0.6376107831         0.6167790394
       -0.1330951075         0.1876982683         0.2611194896
       -0.2722320815         0.0663525559         0.6920943579
       -0.0717689525         0.7689189145         0.0195712561
       -0.3301285580        -0.0454490277         0.0407823762
        0.4123322012         0.1220048500        -0.1235466712
       -0.0763242504         0.2059816614         0.6373858383
        0.1558959790         0.2343625355         0.5123936645
       -0.2635646070        -0.1061573334         0.0488296556
        0.3763414644         0.1377518522         0.7346246036
       -0.1661002106        -0.1200537163         0.4223571147
        0.0653000014         0.7446160313         0.4999044205
       -0.3612205795         0.6316241943        -0.1686077798
       -0.2344277779         0.3483649261         0.5630779092
        0.2463984865         0.6437070739         0.3936356969
        0.5990885471         0.1552571445        -0.1714391522
        0.1963468406         0.4648933066        -0.1423893463
        0.0036545472         0.7517057570         0.1007778243
        0.4793278934         0.6197799464        -0.0572448718
        0.4086596785         0.7453444579         0.6769044643
       -0.2928227143         0.1745134449         0.6111678202
       -0.3206148181         0.0685748039         0.7254942755
        0.2868175541         0.2249019362         0.6932724460
        0.2991076793         0.3975338507         0.0375149429
       -0.0645918303         0.1639620969        -0.2038109538
        0.0405770583         0.0092440371         0.3198788480
       -0.0047713083         0.0522552487         0.0779488077
        0.0159427180         0.2533178418        -0.1244365438
        0.1044966497         0.3194104336        -0.2412170414
        0.2470418189         0.3630026336        -0.0993278462
        0.5313575314         0.3597667221        -0.1302807851
       -0.2553611591         0.4755935216         0.0767226412
       -0.1749572712         0.5477470812        -0.1920665107
        0.1366024081         0.5991171240         0.7437115693
       -0.1497248287         0.5033889612         0.1822046980
       -0.0437101949         0.7790375308        -0.2147009584
        0.1679348258         0.8310574500         0.1203844916
       -0.2223646288         0.5549429333        -0.1850616203
        0.0272838872         0.7051021131         0.1727122600
        0.2262477917         0.6257824240        -0.1594707340
        0.5644712545         0.3121390578         0.5595192789
       -0.0911384845         0.1605724954         0.2181803412
        0.2380825360        -0.0191660141        -0.1713808405
        0.1898983051         0.0188299875        -0.1751763537
        0.4973546474         0.4588824054         0.2012340666
       -0.0565840611         0.1226714916         0.6874411899
        0.0658747216         0.0794847610         0.6342884204
        0.5015192807         0.7716463028         0.6117605686
        0.3194960857         0.4426967420        -0.1634546153
        0.2224709663         0.0858465994        -0.1246310828
        0.0945805694         0.1509757609         0.5974596308
        0.4550188433         0.5177600911         0.1986883060
       -0.3558138421         0.7688129227        -0.1174577496
        0.5190969512         0.2550676336         0.6347943558
       -0.1183486883         0.3699548148         0.7266660203
       -0.2291063439         0.4264940448         0.3173651444
        0.2313712824         0.8696171376         0.2218219928
       -0.1810989987        -0.1058873704         0.4466615973
       -0.1819510392         0.3515756359         0.6119069574
        0.1628726410         0.7274271794         0.3373594048
        0.3715913003         0.0978450539         0.5393306546
        0.1781670017         0.8261185595         0.4020807731
       -0.2935964926        -0.0548824691         0.5178246706
        0.0690038924         0.5991690106         0.0753927435
        0.0152786788         0.2185482494         0.0077764841
       -0.2751352406         0.6349248338        -0.0940611951
       -0.2685102447         0.7103506002         0.2222224131
        0.3498202214         0.6505762473         0.5767012350
        0.4106098660         0.8072134402         0.1242826521
        0.0156876827         0.3352891635         0.5483075736
       -0.2583048993         0.4443919064        -0.0440309266
       -0.0051232368         0.5597016380         0.1606131449
        0.4171032159         0.0929461523         0.1616819292
        0.1837278930         0.6500795572         0.6147977252
        0.2378705785         0.7393878385         0.2234509459
       -0.0250854312         0.0739555070         0.2944908705
       -0.3268974016         0.5140123320         0.1523215561
        0.2470251835         0.1032626814        -0.0173333270
        0.3612151555         0.2635446016         0.2214550958
       -0.1744620499         0.4380269080         0.6626839514
       -0.0587151762        -0.0570523914         0.6721315525
       -0.3371289171         0.3322089237         0.7217558415
        0.0664702509         0.0893387381        -0.1639379068
        0.4881652803         0.2995464715        -0.0241060619
        0.5931642986         0.7150105505        -0.0334758290
        0.2876423695         0.3586388814        -0.0884216745
       -0.3057164382         0.6030925887         0.7238996822
        0.3844955306         0.1371373465         0.0660671243
       -0.2830952939        -0.1157686425         0.5235732552
        0.0462394987        -0.0673549284         0.3037937489
        0.5959814864         0.4655828821         0.0206939757
        0.1068051726         0.2881687555        -0.1204587011
        0.4571564739         0.7018289643        -0.0472274682
       -0.1973879787         0.5494577943         0.4357709981
        0.4429718327         0.0983423747         0.3805823467
        0.4137691691         0.0223467095         0.4331816092
       -0.3118134001         0.5617582710         0.3428495421
        0.2643674070         0.7907318205         0.7056439833
       -0.1103949551         0.5602048940         0.5328732391
        0.2051553916        -0.0311630000         0.5925851118
        0.1831367170         0.5878183927        -0.2302421871
        0.1935655173         0.6565729125         0.6686210350
       -0.2961139894         0.2722183774        -0.1775709771
       -0.0467424147         0.5473437950         0.0191062541
        0.2693207659         0.0851722101         0.3527318473
        0.2325190071         0.2473173460         0.6869488615
       -0.0016573226         0.0076308026        -0.0691720809
       -0.2651827146         0.5063101982        -0.2259156032
       -0.2871662170        -0.0840739740        -0.0257557498
       -0.3497377213         0.0915979692         0.7035748934
        0.5747810443         0.0990650443         0.1660813124
        0.4749949426         0.2871108159         0.0987778058
        0.5557027654         0.4553525052        -0.0233665432
        0.6064080249         0.8601425978         0.0045645946
        0.3843792852         0.0859828621         0.0190942480
        0.5265570389         0.1646814070        -0.0394558153
        0.4204541679         0.7965440385         0.0764585784
        0.0776016481        -0.1234152494         0.1492425030
       -0.2917102367        -0.0119601668         0.0770893766
        0.3335824177         0.2884773131         0.0367869058
        0.0863361379         0.0987518424         0.0593945940
        0.0526538959         0.1484070302         0.3953532600
        0.4879961813         0.8430234600         0.3423197250
        0.2245564159         0.0249803414         0.5284317726
       -0.2542294128         0.0327460904        -0.1046147987
        0.4460139416         0.1655315579         0.0889582636
        0.0014671033         0.1975054000         0.0240953425
        0.5497378337         0.0817277269         0.7348448229
       -0.0901841933         0.1924728963         0.7325201042
       -0.0061918139         0.5193887312         0.6539529983
       -0.2589467714         0.2516397429         0.3218625284
       -0.3030779517         0.1214192696        -0.2200608236
        0.3958893359         0.4673039697         0.5632042157
        0.0483069851        -0.1236943349         0.6217053418
        0.5424576524         0.6877387913         0.6060294770
        0.2257771766         0.8377363991         0.6482551003
       -0.2874580201        -0.0899432893         0.0031971547
        0.0863843190        -0.0835460424         0.7020006388
       -0.0022950904         0.7793220435         0.5631038993
        0.4950427783         0.4393314050         0.3688816216
        0.5291611732         0.2696366792         0.4544788052
        0.5650530140         0.2256662467         0.3403504408
        0.4871966089         0.0334945877         0.6184637519
       -0.3142042444         0.2789198057         0.2731159792
       -0.1640374297         0.4186100092         0.6871044332
        0.0061243116         0.3149790842         0.2969609141
        0.0545570467         0.5561544486         0.2958403606
        0.5872843155        -0.0429767662         0.5404581946
       -0.0656648161         0.1497214131         0.3416696459
        0.2578828050         0.7416693340         0.1430648907
        0.4217446260         0.7853528191         0.6545578395
        0.3978227077        -0.0867217326         0.1161067200
        0.2896907910         0.4679996799         0.6778526852
       -0.2392110570         0.4690902627         0.4635908045
        0.3049438558         0.5538037607         0.1657423011
        0.1160850273        -0.0920838264         0.0830860139
        0.2389164219         0.0031910568        -0.2131144363
       -0.2621159927         0.6487625885         0.1425193964
        0.5639654921         0.8515011819         0.4719034088
        0.3554446083         0.4723728711         0.4290239310
        0.5356876355         0.1887220081         0.0073480806
        0.1138993081         0.8295823525         0.6984962263
        0.5299592003         0.7748357215        -0.2153937809
       -0.0635245998         0.3400441803        -0.1653475580
        0.4888645380         0.2803821546         0.7024604088
       -0.0151336959         0.5041353821         0.1529784809
       -0.2574586328         0.2349407101         0.7490566644
       -0.0903348335         0.6002339311        -0.2453861800
       -0.0726311686         0.0977832980         0.0592889268
       -0.0920060367         0.6130170087         0.4069932612
        0.0097168784         0.3275821194        -0.0142822172
        0.5859667756         0.3099228443         0.6950255234
       -0.1255514416         0.5216308964         0.0349792180
        0.1880390036         0.7224174970         0.6130077140
        0.4105112488         0.5946711663         0.7460050068
        0.2263079421         0.3045827393         0.0194970681
        0.1602069775        -0.0807197501        -0.1294604895
       -0.0278966408         0.7322904872         0.3235138236
        0.0435970313         0.4619128143        -0.2455580333
        0.0078993030         0.2472784129         0.5773511936
        0.5324925172         0.1431923423         0.0186837614
        0.5026822503         0.3240543866         0.1452149726
        0.3244194560         0.2104755658        -0.1250213012
       -0.2191794407         0.2338751210         0.5704067672
       -0.1055149165        -0.1202723530         0.0370501230
        0.4910947916         0.2544355139         0.7028201416
        0.3757007630         0.7900208121         0.0790394013
        0.0459098945         0.1470830838         0.7307443465
       -0.0946801374         0.6847834569         0.2928351482
        0.3043174710         0.5324247198         0.5646323725
       -0.0210017878        -0.1003234438         0.5872379376
        0.5971042805         0.8287543601        -0.0276988838
        0.6136887964         0.7312535751         0.2464438320
        0.1034777963         0.4778671758         0.5385066943
       -0.0759701688         0.8421511744         0.6279493146
        0.4385267825         0.7758137851         0.1395090792
        0.5833545943         0.3430595523         0.0362936939
        0.1064753063        -0.1235134552         0.0485440485
        0.3112028784         0.2868851269        -0.1122979432
        0.3607997940        -0.1222684418         0.5917180451
       -0.0894919205        -0.0814685329         0.5250540233
        0.0149626896         0.6716926123         0.4356460758
        0.1620502112         0.0371588045        -0.0289032626
       -0.3713250521         0.0204048545         0.2112623447
        0.3452682125         0.7671484661         0.2816145711
        0.4444621078         0.1410530331         0.3766360425
        0.1367626091         0.8160457175         0.2554070808
        0.3108757479         0.6966600962         0.6401227232
        0.3415665110        -0.0519827601         0.5342900467
       -0.1646076832         0.4510615356         0.1274152841
       -0.2757474564         0.1585889144        -0.2482529927
        0.3465376124         0.5230724258         0.2901571853
       -0.3354383543         0.2515191045         0.6228692017
       -0.1597562710         0.0714131338         0.0985840250
        0.2145097336        -0.0308387378         0.1239276931
        0.4572173116        -0.0899019096        -0.2263715256
       -0.2721744912        -0.1088868397         0.4822329187
        0.5041995633         0.1204044371         0.0353379399
        0.2839407914         0.0692000990         0.2436811432
        0.5049902198         0.0764411020         0.5230270010
       -0.0952337576         0.5779763921         0.4323292379
        0.3181306092         0.2103115177         0.6389374674
        0.5128949313         0.2633715000         0.0067436817
       -0.0554391476         0.6330824687         0.5509818695
       -0.3725840110         0.7467821387         0.2687368731
       -0.3155070174         0.6128593504         0.4536425450
       -0.0340180283         0.7793589697         0.4028594592
        0.1641145816         0.7668986434         0.5168868989
        0.5539796344         0.0321550799         0.4170952577
        0.2356922059         0.7553887431         0.7014539641
        0.2446434095        -0.0751608414         0.2710705836
       -0.0765958608         0.6682590792         0.1886022220
        0.6082344766         0.6748041401        -0.0383303233
       -0.3012003662        -0.0007018171         0.5866167348
       -0.2072298423         0.7272162297        -0.0393797177
        0.2732303907         0.0509658138         0.1687993740
        0.1607527901         0.5846034025         0.7419564169
        0.6177517534         0.2474069009         0.7360851599
       -0.2610261468        -0.1148426669         0.3729205572
        0.3021458638        -0.0248982095         0.0777936945
        0.3701711455         0.0601738509        -0.1796727968
       -0.3192534402         0.4211338304         0.4078564052
        0.2907705456         0.2515645895         0.5898375046
        0.4444245011         0.6692591904        -0.0993190046
       -0.0612887017         0.5703331441         0.7114752657
       -0.3713781405         0.8651848229         0.6876588989
        0.2985666123         0.7319035867         0.3526898517
        0.1645750242         0.2734746162         0.4096720013
       -0.3427067664         0.1282471989         0.7052513205
       -0.3279513556         0.7042305137         0.5557749555
       -0.1197381740         0.5588082800         0.6363420954
        0.2295690245         0.2840039660        -0.0980124222
       -0.3728278526         0.7317083968         0.6420935958
        0.0007242057         0.8398760868         0.2587361485
       -0.3460936134        -0.0293366081         0.4472802824
       -0.0261898415         0.8438387895         0.3503025262
       -0.1566158457         0.0977190439         0.6258761662
        0.3972435511         0.8528660128         0.0394803262
       -0.0136344981         0.5824425152         0.1407691933
        0.3374027391         0.0623541077         0.5657457664
        0.1625910859        -0.0469899091        -0.0405250062
       -0.0506363647         0.8661055923        -0.2158346818
        0.3822538707         0.2693815593         0.2775593784
        0.4349450059         0.2087629971         0.1620037827
        0.1433812247         0.7289662918         0.5504571483
       -0.0295877458         0.7443278816        -0.2003766980
        0.6143597510         0.6982603022        -0.0679000911
       -0.2290473717        -0.0565936731         0.6627047331
       -0.0077258235         0.1013174211         0.1872133713
       -0.3508853306         0.3918104745         0.3517073851
       -0.2585690192         0.7124131441         0.3061383766
       -0.1929254282         0.3603158666         0.5757924561
        0.4288921251        -0.0181436633         0.1247893143
       -0.1749538907         0.5796569984         0.3232374467
        0.5124523180         0.7934457564         0.7124177925
        0.2410045675         0.5509515137        -0.2043709767
        0.6126894121         0.3396181784         0.1387885405
        0.2964777795         0.2796448661         0.1096762075
       -0.3297419953        -0.1131496179         0.6234753448
        0.3611473348         0.7079401843        -0.1043403808
        0.0860251517         0.0024387394        -0.2286700142
        0.1710445028        -0.0002857118         0.7034771543
        0.2684709657         0.7059406834        -0.1754237855
        0.0987800098         0.1703285239         0.6466572060
        0.0932037495         0.7316447400         0.2704928173
        0.4156326509         0.8411388877         0.2544216829
       -0.0294186119         0.0664754117         0.1688610524
        0.1006656192        -0.0930054452         0.4560364147
        0.0877167104         0.7894797122        -0.0417850705
        0.4110164865         0.2928039593         0.0072767307
       -0.2922548905         0.6717899878         0.7040321413
        0.3732317867         0.6779400741         0.5152025804
       -0.1070406840         0.3900674980         0.2939479794
        0.4347683760         0.1199510826         0.5333683589
        0.0420729042         0.5979621163         0.6458193908
       -0.1481520923         0.3459375132        -0.1480878249
        0.0580474916         0.2049233651         0.0886753231
        0.4300811229         0.6290079096         0.6986544966
        0.3126896660         0.7091528676         0.1835026445
        0.1975970798         0.0577757467         0.5873810923
        0.2309544230         0.0081384389         0.0347182586
       -0.2243825934         0.1404144811         0.1163595695
        0.3648360822         0.1424902002        -0.1900955857
       -0.3509266201         0.0958355783         0.3779641768
        0.5492574528         0.2138811064        -0.1396004161
       -0.1778791615         0.8306758337         0.3978068249
        0.1810203488         0.4304086729         0.2500076421
       -0.3363914937         0.7778599821         0.2116787230
        0.3588348601         0.3298204411         0.0465881757
        0.1277491026         0.0356327589         0.4655077615
       -0.1232545035         0.7021316990         0.3038392525
        0.0388290816         0.7806181711         0.4909714691
        0.2500912262         0.7404326832         0.5826489520
       -0.2032041487         0.0292673600         0.1576540929
       -0.2261890532         0.0529226976         0.3597438442
        0.1708882511         0.4316904764        -0.0509017460
        0.2537871011        -0.1185826510         0.2813813721
       -0.3300507581         0.5777411319         0.5093297814
        0.3417800941         0.8248271738        -0.0484860955
       -0.2686622570         0.6853572262        -0.2306537065
       -0.0365436401         0.0590663570        -0.1794986382
        0.4280147749         0.0087472840         0.1644041787
        0.1010728989        -0.0454290718         0.5485602909
       -0.0733643278         0.3646098712        -0.0098619176
        0.5138624751         0.3601113126        -0.1502730526
       -0.1478648467         0.3849148262         0.3950264517
        0.1187843218         0.3023602855        -0.0798806613
        0.0423663505         0.7391829474         0.5361984131
        0.1737568305         0.6223494794        -0.2241600845
       -0.3635545246         0.8630025944         0.4931220525
        0.3769669363        -0.0107961278         0.4876491177
       -0.0257504633         0.6657801220         0.0014099942
        0.4659085577         0.1924619357         0.5304745193
        0.5826302326         0.4626625030         0.3351020318
       -0.0744400802         0.8675393825         0.4966456897
        0.5482938264        -0.0052319425         0.4663078656
        0.1467985497         0.1516476025        -0.1635734478
       -0.2701056429         0.2685045422         0.5012902671
       -0.2051201705         0.0197097203         0.2865754425
       -0.2997221511         0.0245113326         0.4785738538
       -0.2287514386         0.2657783834        -0.1853901412
        0.3460406703         0.0067746792         0.1529634241
        0.3721764350         0.4978465785         0.6869421806
        0.0544234419         0.5055346322         0.1282878675
        0.1235467397         0.2291097080        -0.0501354476
       -0.0507333262         0.4963344343         0.5360055776
        0.0562996761         0.0264525614         0.1140527928
        0.2033354078         0.2494774969         0.1553371155
        0.5008361464        -0.0881081071         0.2255810621
       -0.1510760441         0.2377655005        -0.1316225713
        0.3377994530         0.1471353066        -0.2435758753
       -0.1148258569         0.3911198019         0.2468036425
       -0.2030214881         0.5610509449         0.5907242119
        0.4201790100         0.6176367095        -0.2472411255
        0.0868564992         0.8585426635         0.6752826149
       -0.0362492810         0.1078258152        -0.0846803414
        0.5715240943         0.2715053503         0.2467437252
       -0.1140646143         0.6255259309        -0.2072537375
       -0.2675981095        -0.0896572969         0.4713201792
        0.1397247993         0.2497269052         0.3421082781
        0.4878784048         0.8411673688         0.5246680813
        0.1898668189         0.0719317289        -0.1177497074
       -0.3428798248         0.0361921423         0.1309753831
       -0.0321310698         0.7954229977         0.2069268366
        0.0959359717         0.1325763969         0.6511276227
        0.2162440519         0.0971445292         0.1635247333
        0.2445944106         0.4644920980        -0.1180138585
        0.0188320595         0.0178139306        -0.0178919828
       -0.0834562095         0.7231428604         0.6215242788
       -0.1415389488         0.7088943791        -0.1779440484
       -0.3539932357         0.7529084054        -0.0301938405
       -0.0564662905         0.2687456085        -0.2042633048
        0.0920484694         0.1116560740        -0.0529960876
        0.3329558294         0.5156190782         0.0937846840
        0.1827247823         0.8519387607         0.2322824902
       -0.0771704263         0.2229650680         0.0092592276
       -0.2877557045         0.1375170240         0.1250807731
        0.4655088507         0.8091370872        -0.1725632524
        0.6205687918        -0.0511594457         0.7185074373
       -0.0285381805         0.0491073123         0.4983160471
        0.4871525240        -0.0957941219        -0.1428221194
        0.0108275862         0.2121777823         0.1695773679
        0.2005371009         0.2603396681        -0.0557652514
        0.2130378519         0.5871929615         0.3259137268
       -0.1098573447         0.2079823823         0.5557583524
        0.0575466800         0.8631119466         0.5041616330
       -0.3632967487         0.8028467645        -0.1852307806
       -0.0601520255         0.2535428149        -0.0294069540
        0.1287103138         0.7822738477         0.4860902401
       -0.3434116494         0.2331405551         0.5549377905
       -0.1526809380         0.5493766249         0.6944177573
        0.5519151463         0.2813666383         0.0888209982
       -0.1816707053         0.2746869412         0.6062008053
        0.4814855014         0.1219926113        -0.0444878777
        0.3803963828         0.0856409646         0.2093650369
       -0.0427994082         0.2821814628        -0.2166982122
        0.0503179964         0.0377844163        -0.0569434715
        0.4320668688        -0.0367336747         0.1278341207
        0.2071337077         0.5323056744         0.4361065330
        0.0476124928         0.2924799537         0.3192331932
       -0.2986072884         0.2019079290        -0.2120600526
       -0.3016951770         0.5140118477        -0.1291693452
        0.1564087314         0.0029433160         0.0718801428
        0.2643691966         0.0930295302         0.1620611595
        0.1406946776         0.3241725782         0.5112756865
       -0.1987622160         0.4852238374         0.4185466195
        0.1380406109        -0.0053068448         0.3857244562
        0.2659408112         0.1378597812         0.4649454072
       -0.1796291696         0.1244472929        -0.1262097643
       -0.0013208432         0.3825994780         0.2527368309
       -0.1567329286         0.8132872374         0.6433393982
       -0.1320324070         0.1399364503         0.4571549263
        0.0805801559        -0.0234640541         0.6158651271
       -0.2586034722         0.7707266684         0.3470581120
        0.5723648307         0.3782687955         0.4224405349
       -0.2785515005         0.5702330714         0.6749587373
       -0.3672313150         0.8600442945         0.1733113970
        0.3109651759         0.6860034846         0.2614334459
        0.3248325071         0.6762072821        -0.2002081382
        0.3554965533         0.6306900538         0.1431277346
        0.3658027959         0.4679289252         0.4565788118
       -0.1741675130         0.7434549217         0.4678781956
        0.3713108150         0.2732172289         0.0482093583
       -0.2523134918         0.2792651632         0.1707209125
        0.2198831168         0.5197978145         0.0822736169
        0.0644443985         0.7807174249        -0.2087147148
       -0.1532908219         0.5942708206         0.5423635221
        0.3403457948         0.6929784305        -0.1145027028
       -0.0612140495         0.7119527724        -0.0602058617
        0.4640828164         0.0902494938        -0.0559084674
        0.4863538965         0.5093720331         0.5232372117
        0.4112769433         0.7921461972        -0.0748580844
       -0.0338174080         0.5798139897         0.3580117029
       -0.0873126032         0.7629833324         0.3896807946
       -0.1436809900         0.3164733291         0.4884417754
        0.3703632611         0.3429563071        -0.2271994945
        0.0938671277         0.3038087002         0.2329047996
        0.5129131844         0.8667077832         0.2668868596
       -0.2330413434         0.4387731338         0.0790387812
        0.5464725706         0.6577915258         0.2700865954
       -0.2230969755         0.4550818854         0.6358090028
       -0.0626645533         0.2062952325        -0.1945823730
        0.4776526798         0.1250268127         0.1162213244
        0.5574752144         0.3992954883        -0.1314461901
        0.3121378244         0.4234027662         0.4799714074
        0.2537793273         0.3230516825         0.4672844042
       -0.2041261648        -0.0611750377         0.4269535307
       -0.0975839068         0.7300952743        -0.2483101052
       -0.2245852194         0.5751867455        -0.1313132389
        0.1202609254         0.1717708808         0.7252286302
       -0.2270497431         0.7276223880        -0.1850233613
       -0.1011451833         0.2615157495         0.6691504600
       -0.3535496868         0.5782890750         0.5999763349
        0.1004529112         0.8490414530         0.5912171963
        0.2632901851         0.0237549575         0.1935629880
       -0.2584537381         0.7060953876        -0.1865359972
        0.4988848615        -0.0237000756         0.2296506246
        0.6039855977         0.3844518586         0.2556916048
        0.4396252709         0.8460842558         0.5745662647
        0.3819309193         0.1016967546         0.2808862737
        0.5388078606         0.3136808025         0.3117206901
        0.1804394995         0.1715488085        -0.1747547061
        0.3791138383         0.7560209247         0.2452191083
        0.2123801107        -0.0651578482         0.5433509191
        0.0071159536         0.5888503710         0.3914380753
        0.4321636086        -0.0078223906         0.2480392833
       -0.2044701004        -0.0903051175         0.4671073130
        0.2067029686         0.5229977602         0.6563908686
        0.4804162602         0.6358801011         0.2090816560
        0.1436820237        -0.0686343653        -0.1504426855
       -0.0126658492         0.8265877828         0.6101293376
        0.2689498248         0.5596794526         0.4334906852
        0.0450586232         0.6720667190        -0.1508054920
       -0.3195551842         0.2172044900         0.3190920241
       -0.0013192897         0.4338495946        -0.0349999962
        0.2932132340         0.5699932942         0.6791161893
       -0.2737663041         0.2066840981         0.5939754310
        0.1444915079         0.7825155966         0.0215365331
        0.1036542225         0.1919455737         0.0347561184
        0.4646251507         0.8297568066         0.3675997624
        0.2492805451         0.7971378863        -0.1483562587
        0.4119476558         0.1741456823         0.4483748236
       -0.1379195401         0.1296523585         0.3087399763
        0.4704545680         0.0738207878         0.2847818891
        0.4796699198         0.6182423093         0.1824965974
        0.5223075921         0.0360129923        -0.0865531216
       -0.0137396432         0.0304657564         0.2562435757
        0.2498349024        -0.0225417329         0.1289396034
       -0.2289218878         0.0583664757         0.5862866886
        0.6125162527         0.6926103271         0.6702930752
        0.3828434841         0.3229351684         0.3767731056
       -0.3292744396         0.0469064072         0.5344938712
        0.0917604140         0.7047882569        -0.1990853514
       -0.3266050660         0.2685977819         0.1113056804
        0.3414974723         0.1994846382         0.4421749347
        0.3000278085        -0.0016464421         0.4723575978
        0.5119167055        -0.0687177705        -0.1103007007
       -0.1882685218         0.3990659755         0.0932097589
       -0.3249356951         0.6501055910         0.3408908861
        0.1634032956         0.5160365731         0.1157733406
       -0.1208149449         0.4256883853        -0.1347433819
       -0.0541301098        -0.0691877934        -0.1817255542
        0.3522608084         0.2858416448         0.6570692251
        0.0718842492         0.2809321973         0.2596684098
       -0.3173097580        -0.0758301000         0.2655032229
       -0.0026029923         0.4493712019         0.3734560881
       -0.0002789926         0.2234618685         0.6239409192
       -0.2170637845         0.4501510547        -0.1417553826
       -0.2294808072        -0.0546470309        -0.1770750121
        0.2027553800         0.7510776733        -0.1478706022
        0.2759181148         0.3466722940         0.0721913266
       -0.0653535068        -0.1198518962         0.5891179034
       -0.2153651103        -0.0089825672         0.4874057716
 
