0.000000
987.224834
1410.435537
4080.067988
4216.968906
6573.721136
7188.538835
22252.362740
23089.675145
23660.952198
23928.106335
23969.982221
24628.671115
26127.038728
26362.649662
26553.746720
26768.422798
26799.190128
26989.114640
27070.703608
27181.980761
28097.259389
29073.473612
29224.706543
29971.076113
30201.874255
30297.963110
30377.002256
32181.513448
32677.190143
32759.623009
33143.232715
33243.817929
33886.658333
33947.982739
34226.656458
34264.267892
34483.310375
34763.275084
34866.675634
34894.778842
36535.038301
36785.560976
37038.952187
37115.805696
37204.434649
37262.161464
38307.888469
38422.030457
38497.302461
