0.000000
0.000001
748.117521
748.117522
2191.981272
2191.981276
4451.357445
4451.357445
5485.114877
5485.114878
6068.312491
6068.312493
7001.760439
7001.760441
7820.291695
7820.291696
9676.407246
9676.407247
10221.974721
10221.974723
10647.088539
10647.088543
12790.137795
12790.137797
12903.258285
12903.258287
15019.009692
15019.009695
19959.844076
19959.844077
20216.267033
20216.267035
20623.713133
20623.713137
22157.826938
22157.826938
22478.930614
22478.930615
22896.605009
22896.605009
24286.730354
24286.730354
24561.673952
24561.673952
24746.704724
24746.704724
24962.951711
24962.951712
25285.748281
25285.748281
25331.685906
25331.685907
25979.666025
25979.666026
26107.019227
26107.019228
26225.104842
26225.104842
26260.300988
26260.300989
26677.886856
26677.886856
26973.048806
26973.048807
27113.098940
27113.098945
27162.389031
27162.389032
27530.552653
27530.552653
27702.451521
27702.451522
27958.985121
27958.985121
28135.241612
28135.241612
28788.193056
28788.193056
28956.740514
28956.740515
29238.484093
29238.484093
29455.371742
29455.371745
29713.906584
29713.906584
29834.877428
29834.877430
29984.939720
29984.939720
30290.513902
30290.513903
30395.578867
30395.578868
31333.798593
31333.798593
31633.330523
31633.330525
31758.358450
31758.358450
31821.026550
31821.026551
31980.366390
31980.366390
32614.534663
32614.534664
32952.504103
32952.504103
33008.578545
33008.578545
33196.673744
33196.673745
33437.224481
33437.224483
33501.452936
33501.452937
33694.831809
33694.831809
33848.486304
33848.486305
33961.223027
33961.223027
34117.165286
34117.165287
34457.939496
34457.939496
34730.676406
34730.676407
34825.882213
34825.882215
35181.010163
35181.010163
35465.146318
35465.146318
35650.915931
35650.915931
35770.998606
35770.998606
36021.027638
36021.027639
36487.520097
36487.520098
36824.689752
36824.689752
36962.893628
36962.893629
37064.126320
37064.126320
37130.122132
37130.122132
37350.905123
37350.905124
37565.095877
37565.095878
37751.323839
37751.323839
38043.019897
38043.019898
38185.854042
38185.854042
38265.077108
38265.077109
38362.495237
38362.495237
38792.013094
38792.013094
39040.904296
39040.904297
39209.247473
39209.247473
39454.983121
39454.983122
39616.041140
39616.041140
39892.964678
39892.964679
40227.649936
40227.649936
40358.287658
40358.287658
40523.336007
40523.336008
40745.559691
40745.559693
41030.428227
41030.428228
41170.071013
41170.071017
41525.240613
41525.240613
42029.586912
42029.586913
42129.416942
42129.416943
42514.429821
42514.429822
42730.753133
42730.753135
43178.740081
43178.740081
