-1.448164322458689979e+00
-1.449620264420495630e+00
-1.449480863286840782e+00
-1.452713311822119158e+00
-1.453079826973617594e+00
-1.454173993460931014e+00
-1.454264693498093175e+00
-1.465168959128683834e+00
-1.437082475849503327e+00
-1.438400487588435306e+00
-1.438774864530204978e+00
-1.473885405344637523e+00
-1.474149735573582642e+00
-1.446112672600820215e+00
-1.454288144008919925e+00
-1.448996531912192687e+00
-1.456844140486361017e+00
-1.457102741318043737e+00
-1.456807424812826213e+00
-1.458217300286192897e+00
-1.456336318572634569e+00
-1.450697097651301615e+00
-1.458105116003123314e+00
-1.458089814783216642e+00
-1.500370320197480956e+00
-1.461143776988862886e+00
-1.499726032841303347e+00
-1.499761501257627971e+00
-1.466286543510800344e+00
-1.466618120373054390e+00
-1.466797897837358811e+00
-1.464095511953419360e+00
-1.464152042896247341e+00
-1.462923517739551649e+00
-1.463585619445577635e+00
-1.463993151708262275e+00
-1.464033759141809110e+00
-1.461805380571232549e+00
-1.464786040753541352e+00
-1.464608604603331976e+00
-1.464451168856376384e+00
-1.455859198058779391e+00
-1.462587383420234310e+00
-1.464005738266647594e+00
-1.466972271689694240e+00
-1.466425090095827333e+00
-1.470366580275453305e+00
-1.469922001381680499e+00
-1.468799643396771604e+00
-1.469485730403259804e+00
