0.000000
667.682510
1121.488226
3081.680230
3138.140372
5254.750816
5849.662158
18520.276399
25521.859329
25803.866244
25988.854140
18324.857071
18925.532186
26577.323822
25018.626194
26371.097858
24863.422948
24837.433957
25092.172948
24864.330019
25388.434937
27541.379490
26891.721627
27046.312788
18513.184075
27353.213274
18981.475802
19052.730530
28204.145688
28627.049674
28670.025947
29646.740795
29734.918902
30647.389410
30563.399289
30752.630016
30781.329148
31489.444193
31115.229611
31257.572895
31320.229255
34846.208326
33620.065008
33562.163314
32987.937997
33196.659429
32389.329144
33532.629938
33893.101029
33817.794341
