 3D1     Ewald 
 1  0.0  1.0E-12  1
       19.4116328632        19.4677494800        24.4522570254
  113.2410   113.1967    90.3675
96
Er           0.5623805279         0.6872936139         0.6247285710    3.000  0  0
Li           0.1868423586         0.0616213999         0.3733222648    1.000  0  0
Li           0.3132194252         0.4383540284         0.1266482059    1.000  0  0
Li           0.1867817913         0.0615834670         0.8733676583    1.000  0  0
Li           0.3136267299         0.4387058287         0.6265033196    1.000  0  0
Li           0.1874516157         0.5620549739         0.3738155698    1.000  0  0
Li           0.3132229728         0.9383565044         0.1266548292    1.000  0  0
Li           0.1868049432         0.5617255437         0.8733681227    1.000  0  0
Li           0.3136979507         0.9379427485         0.6268022586    1.000  0  0
Li           0.6866960474         0.0616412416         0.3733234187    1.000  0  0
Li           0.8132211299         0.4383578716         0.1266562540    1.000  0  0
Li           0.6867124299         0.0609950203         0.8728906705    1.000  0  0
Li           0.8128961408         0.4389085483         0.6268098549    1.000  0  0
Li           0.6865916160         0.5617182939         0.3738052175    1.000  0  0
Li           0.8132225351         0.9383596000         0.1266618795    1.000  0  0
Li           0.6863934474         0.5618457078         0.8728976895    1.000  0  0
Li           0.8126523674         0.9378548950         0.6264943020    1.000  0  0
Y            0.0625143375         0.1872009812         0.1247646146    3.000  0  0
Y            0.4379772509         0.3135583620         0.3757517898    3.000  0  0
Y            0.0623878850         0.1872877965         0.6247385293    3.000  0  0
Y            0.4376455183         0.3127341492         0.8752780204    3.000  0  0
Y            0.0624798627         0.6873911071         0.1247097289    3.000  0  0
Y            0.4377517030         0.8123624045         0.3757463192    3.000  0  0
Y            0.0623697986         0.6872684239         0.6246964541    3.000  0  0
Y            0.4379711431         0.8123538276         0.8747845371    3.000  0  0
Y            0.5622668205         0.1871584721         0.1247126140    3.000  0  0
Y            0.9375916426         0.3127317689         0.3752526018    3.000  0  0
Y            0.5624060384         0.1873066734         0.6247746204    3.000  0  0
Y            0.9375968307         0.3127048644         0.8752761133    3.000  0  0
Y            0.5622815535         0.6874016761         0.1247610318    3.000  0  0
Y            0.9376197429         0.8126832186         0.3752515986    3.000  0  0
Y            0.9367802420         0.8125930167         0.8747858097    3.000  0  0
F            0.2298618555         0.3822147434         0.2938674634   -1.000  0  0
F            0.1323655847         0.3154011750         0.0440530185   -1.000  0  0
F            0.4362631329         0.3386724132         0.2065222746   -1.000  0  0
F            0.4116085950         0.4786327526         0.0439564874   -1.000  0  0
F            0.2704428570         0.1182551798         0.2066125658   -1.000  0  0
F            0.0638988894         0.1616183753         0.2938001263   -1.000  0  0
F            0.0883772243         0.0213995054         0.4560651543   -1.000  0  0
F            0.3677067932         0.1852504119         0.4561170503   -1.000  0  0
F            0.2297132561         0.3820335116         0.7936010983   -1.000  0  0
F            0.1324775531         0.3154795969         0.5440411511   -1.000  0  0
F            0.4360536916         0.3384238173         0.7061388436   -1.000  0  0
F            0.4131064187         0.4805771336         0.5451396845   -1.000  0  0
F            0.2703392325         0.1178280517         0.7063910170   -1.000  0  0
F            0.0639511120         0.1616735562         0.7938310807   -1.000  0  0
F            0.0881224764         0.0211567784         0.9559183508   -1.000  0  0
F            0.3676471294         0.1846416104         0.9560026523   -1.000  0  0
F            0.2299536737         0.8819277195         0.2937437721   -1.000  0  0
F            0.1320323526         0.8153553566         0.0438133412   -1.000  0  0
F            0.4361043484         0.8382531818         0.2063735625   -1.000  0  0
F            0.4117026801         0.9784493211         0.0437261829   -1.000  0  0
F            0.2704271321         0.6179773388         0.2067626486   -1.000  0  0
F            0.0641552354         0.6616863964         0.2939464647   -1.000  0  0
F            0.0884550416         0.5213855117         0.4560757044   -1.000  0  0
F            0.3689951268         0.6843209829         0.4571647256   -1.000  0  0
F            0.2302427937         0.8820087831         0.7934538681   -1.000  0  0
F            0.1324527541         0.8154111753         0.5440602460   -1.000  0  0
F            0.4366970850         0.8368129234         0.7049704325   -1.000  0  0
F            0.4114765123         0.9786874925         0.5438808996   -1.000  0  0
F            0.2701829299         0.6178702216         0.7064637951   -1.000  0  0
F            0.0632676879         0.6615489738         0.7936796233   -1.000  0  0
F            0.0884328072         0.5213796561         0.9560972557   -1.000  0  0
F            0.3677773425         0.6846871478         0.9558376862   -1.000  0  0
F            0.7296279926         0.3821306788         0.2937105103   -1.000  0  0
F            0.6323018334         0.3153866618         0.0440338161   -1.000  0  0
F            0.9360747887         0.3382942953         0.2061661954   -1.000  0  0
F            0.9116579337         0.4786325690         0.0439401479   -1.000  0  0
F            0.7702553815         0.1179300265         0.2063797764   -1.000  0  0
F            0.5638580399         0.1619233942         0.2939767543   -1.000  0  0
F            0.5884956395         0.0208741863         0.4562110197   -1.000  0  0
F            0.8676725532         0.1845896080         0.4559731778   -1.000  0  0
F            0.7297292806         0.3821092337         0.7935870324   -1.000  0  0
F            0.6324148095         0.3152719979         0.5439757650   -1.000  0  0
F            0.9359880031         0.3384587703         0.7061626690   -1.000  0  0
F            0.9115356527         0.4786355011         0.5439678539   -1.000  0  0
F            0.7702517283         0.1178412792         0.7063701476   -1.000  0  0
F            0.5639252899         0.1615836855         0.7938151218   -1.000  0  0
F            0.5882788627         0.0212418764         0.9557868451   -1.000  0  0
F            0.8675669887         0.1843782297         0.9558518918   -1.000  0  0
F            0.7297390241         0.8820606735         0.2935677914   -1.000  0  0
F            0.6323176486         0.8152022733         0.0436980741   -1.000  0  0
F            0.9360637710         0.8383430926         0.2061489195   -1.000  0  0
F            0.9112836170         0.9784688109         0.0435925657   -1.000  0  0
F            0.7702616779         0.6179949863         0.2063922482   -1.000  0  0
F            0.5640716140         0.6617587691         0.2940794804   -1.000  0  0
F            0.5883425128         0.5228104758         0.4572097527   -1.000  0  0
F            0.8676060856         0.6846136254         0.4559827943   -1.000  0  0
F            0.7282017829         0.8807225788         0.7924107965   -1.000  0  0
F            0.6320712921         0.8146883260         0.5451723110   -1.000  0  0
F            0.9362001323         0.8384814993         0.7062353203   -1.000  0  0
F            0.9114886734         0.9785455888         0.5439435364   -1.000  0  0
F            0.7683169627         0.6182449177         0.7052085678   -1.000  0  0
F            0.5642079321         0.6617493188         0.7926637565   -1.000  0  0
F            0.5883607227         0.5214906710         0.9559553751   -1.000  0  0
F            0.8674860685         0.6844655751         0.9556872888   -1.000  0  0
800
        0.5345975863         0.5162331741         0.5561254092
        1.0425788035         0.3929371041         0.2295750075
        0.1964348797         0.9417480750         1.0314731596
        0.2475308417         0.7365850759         0.6696390048
        0.2186221561         0.9240148380         0.9912464042
        0.2866326464         0.2147537670         0.8344691727
        1.0527108674         0.5643355280         0.5129401690
        0.6919144624         0.6012232639         0.3549309767
        0.2955789926         0.2896418925         0.4398110988
        0.8028835886         0.8347617501         0.4164577076
        0.1834430332         0.8398564081         0.8500121992
        0.3952073574         0.8415308488         0.7888494891
        0.2192262705         0.8893438651         0.7838342521
        0.2498201653         1.0272142062         0.2018120921
        0.4185134952         0.6368236603         0.3695120891
        0.2947476169         0.8441688927         0.3004872759
        0.3853183090         0.2212043186         0.4750807745
        0.8736559236         0.8552908757         0.2983220967
        0.2731044073         0.7835982502         0.9825000257
        0.1214876202         0.9889352003         0.6594203084
        0.9201889251         0.7028606121         0.8433723222
        0.9778715870         0.3665598243         0.6612911433
        0.3643029835         0.5197561226         0.9685608062
        0.8043063120         1.1489936108         0.7026036824
        0.4469978263         0.3298502584         0.6915616984
        0.4152970820         0.3497223129         0.5831942961
        1.0339812631         0.9304750957         0.6342648093
        0.5527178152         0.2273338872         0.5832326935
        0.1880965388         0.8012472989         0.2496642366
        0.3258520904         0.6735108968         0.6857187736
        0.1839560110         1.0728522297         0.9961313997
        0.7335387506         1.0074558492         1.0553946270
        0.3411811769         1.0395762143         0.5763246495
        0.1353150985         0.8242817492         1.0680860451
        0.5067439048         0.9001051913         0.8673830093
        0.3861350408         1.0464928725         0.1746460489
        0.3885547180         1.1119609324         0.5961011725
        1.0111537466         0.6007279922         0.7632228176
        0.3554779966         0.7258148859         0.8509880884
        0.6558407122         0.9018760579         1.0402024381
        0.5662815211         0.2950680139         0.9136232963
        0.1276274442         0.2995283072         0.4739537404
        0.8304640691         0.5388472731         0.6227053490
        0.9924742511         0.2634600430         0.3366455418
        0.6470925132         0.7949875774         0.4441358302
        0.8833010028         0.5504828571         0.4820732333
        1.0568912457         1.1649671974         0.3682503988
        0.0725527223         0.3816929280         0.9132298766
        0.6921543761         0.5239889283         0.4997859787
        0.2565923624         0.2020110524         0.7630349175
        0.1272674947         0.2814088752         0.4175918449
        0.2293147695         1.1842104502         0.8081208591
        0.9270066057         0.5904043220         1.0916343720
        0.0937543085         0.8658191934         0.4518707316
        0.1432516042         0.7202519493         0.8925692325
        0.5746580266         0.4272165520         0.8865945572
        0.7619867569         1.1626540167         0.8815770607
        0.1632423675         0.2957299335         0.6259602060
        0.1820832454         1.0015358082         0.6522530367
        0.3232199372         0.5795432418         0.9609388637
        0.9002576457         0.2976846331         0.8668479728
        0.4168410978         1.1193565408         0.6261474311
        0.7669052136         0.9651384956         0.6329041728
        0.1750092422         1.0839877207         0.7228348759
        0.4511715788         0.8127504720         1.0671218570
        0.4913403140         0.3916509414         0.7087396514
        0.2229259607         0.4869112111         0.7747641659
        0.7081324732         0.3647274672         0.1870423860
        0.1040213732         0.6492857816         0.4142915492
        0.4962006280         0.4100118103         0.7870632180
        0.1546317049         0.3027681029         0.7002421096
        0.6498921126         1.0089208829         0.4159628768
        0.1011522404         0.6416334185         0.2063514447
        0.2304067679         0.4206517503         0.5597599006
        0.2081637961         1.0319067474         0.6386685154
        0.0724574513         1.0301654658         0.6517053327
        0.6264213715         1.0142996494         1.0587750403
        0.4373294689         0.9812222643         0.7940017531
        0.2513739664         0.7647135941         0.8027998113
        0.2791409902         0.4239009288         0.6843947250
        0.0711928493         0.4309099180         1.0746026707
        0.7354569700         0.8202341545         0.3242844306
        0.3828820618         1.1520960967         0.6687522567
        0.5211738241         0.3298932047         0.2163665409
        0.5410222046         0.3194953090         0.2328424118
        0.4861809824         0.4448095708         0.8467790580
        0.3561721912         0.2071820810         0.2657112535
        0.3198534549         0.7498439573         0.6967742436
        0.7529687374         0.9717993353         0.5684476452
        0.4156392198         1.1339105957         0.2779293660
        0.1310312015         0.3483206365         0.1955987804
        0.2048064545         0.8432198172         0.4893759218
        0.6010115483         0.8664831190         0.1878758682
        0.9193261258         0.2994632692         0.6692047854
        0.3200964491         0.4046779839         0.9680825092
        0.7479956967         0.4760727759         0.4266369633
        0.5042378559         0.9152059747         0.8659170763
        0.1132642325         1.0808442929         0.3729125825
        0.1424497595         0.4259019226         0.4837814856
        0.7337312473         0.3001880757         1.1083724051
        0.2319318581         0.9010357911         0.3364894370
        0.7010176214         0.2671408875         0.5979355888
        0.0933654813         0.5064851496         0.4899787002
        0.8186745467         0.8066600384         1.0321454250
        0.8023232632         0.2003108595         0.3063685844
        0.9092604375         1.1721536463         0.4197582564
        0.2571599590         0.5192427718         0.9341026593
        0.8036340985         0.4018106100         0.6793962537
        0.8460554943         0.5154043993         0.2643761515
        0.1012660255         0.4140402941         0.5512958262
        0.4098421882         0.5297674793         0.6317498782
        0.1708813344         0.7371923887         0.5390616258
        0.6947665403         0.7532916090         0.2236931887
        0.1950143516         0.2559112151         0.2542986426
        0.4329189427         0.8363125717         0.3120527504
        0.1501860726         0.6226305449         0.8857845575
        0.9362651983         1.0631670880         0.4640252863
        0.5745405020         0.4727448077         0.2068340830
        0.5414592299         0.4555104721         0.2977523467
        0.4413522534         0.6851592390         0.5437591708
        0.1425553110         0.8457093071         0.8237191801
        0.9221671113         0.4333735182         0.9548677016
        0.3055643122         0.3143481778         1.0380269998
        0.0971038085         0.3181083064         0.4337034709
        0.6258615418         0.4966015042         0.9318308452
        1.0027718163         0.7951718791         0.4164571761
        0.1555958372         0.6533476508         1.0253444835
        0.7260447058         0.5105314128         0.3111060788
        0.7831520753         0.5701077875         0.6954600968
        0.3850324273         1.1675083383         0.5697033233
        0.5417199685         0.4040202972         0.3642888920
        0.3988480715         0.3202088393         0.2834516802
        0.1227249202         0.4461805575         0.2884808691
        0.6286212485         0.4067371841         1.1147155110
        0.0681593001         1.1585974478         0.3474444260
        0.7350282242         0.6192351711         0.7422216398
        0.3132637942         0.8768689308         0.8443476845
        1.0319431533         1.1150732259         0.6310061496
        0.4496621827         1.0635952757         1.0947711292
        0.5257174969         0.4266886128         0.6133704272
        0.4278809080         0.4847347176         0.5724735659
        0.3037177807         0.3969022417         0.3448749264
        0.3541831461         0.5223657371         0.3683641942
        0.6832172098         0.6941729370         0.9005942149
        0.3564429797         0.9489310440         0.4156210762
        0.2233799793         0.3538862415         0.6260604232
        0.1732426399         0.6106313047         1.0742901410
        0.6156776037         0.9396945149         0.9502105392
        0.6380781094         0.2750469820         1.0587281453
        0.4269229175         0.9381698395         0.6466354078
        0.1625701024         0.5555622766         0.2488885153
        0.5561659352         1.1690769398         0.6079693795
        1.0205671740         0.7870723300         0.8846652842
        0.7496575247         0.6761585634         1.0483719744
        0.4872543892         0.5298872223         0.7306410933
        0.6846303657         1.1726397805         0.6466340050
        1.0359279109         0.5561022352         1.0507033470
        0.8552521588         0.5554617200         0.7164474010
        0.6784624443         0.2955745926         0.4819407407
        0.1273401748         0.4072480924         0.9531862659
        0.2284601122         0.6246136662         0.8779132533
        0.5049627422         0.5172040965         0.4381326264
        0.2428019510         0.3991149081         0.3156270312
        0.4229504642         0.6991481818         0.3388849417
        0.9291475539         0.5914750288         0.1834575890
        0.8392336638         0.5396538244         1.0595480717
        0.8842430770         0.6237639703         0.9304423700
        0.7989514998         0.4342210607         0.2559448027
        0.9066879388         0.3651518177         0.8897343171
        0.9361078212         1.1653407172         0.4697956191
        0.2347280082         0.4767275504         0.3234798602
        0.1188504478         0.8722780916         0.4078813240
        0.3077966458         0.8136354945         0.3474598592
        0.6939703946         1.1521125785         0.5293222719
        0.4988852634         0.6319481213         0.3046305038
        0.5889409908         0.9628270955         0.7278401802
        0.1727863104         0.9017816918         0.2544959743
        0.8358759989         0.3254320665         0.8165994654
        0.1820350714         0.5004463004         0.6403710154
        0.2822319816         0.5631602367         1.0738165173
        0.5411152536         0.8979248792         0.1552554063
        0.3390168074         0.8242242212         0.1980893132
        0.4668059025         0.4875200695         0.9620129728
        0.3263422159         0.3073320084         0.5147290850
        0.3590713587         0.7181072032         0.3473929869
        0.2726625989         0.1918202774         0.7786063603
        0.3859031941         1.0210949483         0.3275311081
        0.4687842495         0.6677736189         0.5727402318
        0.9834048056         0.6202109540         0.4631075485
        0.2262475665         0.9108857801         0.5238228423
        0.9120927076         0.3004990694         0.7981081543
        0.4811602736         0.3784225267         1.0657863964
        0.3375876341         0.3658752630         0.5360838238
        0.6690822865         0.1964049066         0.9214212228
        0.5613734414         0.9968841238         0.2256045226
        0.8061378556         0.8804037683         0.7428923626
        0.2804694383         1.1279949667         1.0636912503
        0.4422142881         0.6253214698         1.0983537126
        0.8664975380         0.3537213926         0.2036168696
        1.0616478752         0.5231957074         0.6956492294
        0.7982959664         1.1379310587         0.4717115989
        0.1578077320         0.3402340840         0.5841184376
        0.0953477084         0.9778939512         1.0806470647
        1.0153534351         0.3821153426         0.9042382072
        0.9390556405         0.8727499496         1.1005125065
        0.4974342735         0.9923506655         0.6048588182
        0.9765800302         0.8302900969         0.1619391594
        0.2916923586         0.3043376006         0.3804610851
        0.2057595671         1.0936707928         0.7121979130
        0.3830909671         0.4302626171         1.0750008001
        0.1897526470         0.4119664837         1.0000585800
        0.8274891520         0.4816428703         0.8396392358
        0.3798712386         0.2236474408         0.9735841265
        0.0965106153         0.7513235859         0.6117686252
        0.1086326803         0.7841731262         0.6168544913
        0.8322186768         0.3310185116         0.5078172458
        0.3348466761         0.9548557554         0.9536409321
        0.9036144412         1.1786987877         0.8116551011
        0.5680184307         0.9876726789         0.5233346600
        0.5222809874         0.2103704513         0.2024945898
        0.4330065812         0.8488099703         0.1249137079
        0.1197928275         0.6947184011         0.8447544670
        0.7197145359         0.4560498497         0.1770413797
        0.5541627054         0.3544729452         0.4383458031
        0.1682255147         0.6456005994         0.7573668193
        0.5159865724         0.8912629968         0.2124997511
        0.6678897045         0.4075205020         0.7671771882
        0.8093386699         0.2041948931         0.3428714274
        0.9522315171         0.7709527303         0.5616212443
        0.2712400324         1.1738959870         0.1827609900
        0.7630703693         1.1749634374         0.9573401126
        0.5745230055         0.6462341140         0.4089003798
        0.1573984497         1.1086490037         0.7355851695
        0.6682215121         1.1616257167         1.1174231178
        1.0514886942         0.8243344310         0.6279781481
        0.7810404937         1.1358748518         0.7260190973
        0.9326875148         0.2730642350         0.5092116924
        0.2169170347         1.0951504966         0.7966377927
        1.0232191451         0.7461783439         0.6570041982
        0.3832135959         1.1401702073         0.1416382439
        0.5147581836         0.9688221135         0.2827006600
        0.2628570894         0.3470496342         0.7886864711
        0.6553361720         0.5826937385         0.7783416409
        0.3435441551         0.2863852582         0.3299073845
        0.3193111946         0.2437217723         1.0092657935
        0.3589740482         0.3224152282         1.0692099876
        0.4006088618         0.8276961221         1.1099745540
        0.6386923881         0.3516223572         0.3302957031
        0.5867476636         0.8602277153         0.6404073113
        0.7856453438         0.3599989857         0.3179152602
        0.1234894756         0.6665887456         0.5085663930
        0.6739587531         1.1431993264         0.9187967793
        1.0572690018         0.6147116348         1.0128360297
        0.0844276473         0.5292814509         0.3558854250
        0.2303625007         0.4308942744         1.1187262657
        0.3106054023         0.3919749743         0.4292844879
        0.9709118837         0.4148154385         0.1362221016
        0.6107029474         1.0247253343         0.5670645104
        1.0308966491         0.2306215978         0.6654051857
        0.9887604651         0.3391622487         0.6065883266
        0.6830740851         0.8757476015         1.1195689643
        0.1036787438         0.3369249779         0.8061046064
        0.4605450525         1.1803137170         1.0963997541
        0.5082750589         0.3403862017         0.9793225692
        0.6706458809         1.0364073247         0.7137705122
        0.7777780055         0.4017592758         0.1590203350
        0.5212744654         0.6891735275         0.9853967885
        0.9521144805         1.1728107703         1.0245230842
        0.1572515617         1.0636106935         0.8349891504
        0.2822977231         0.2586560918         0.2182259047
        0.6475118840         0.8718438672         0.6315881847
        0.5885080951         1.1561286258         0.1710001716
        1.0314611636         0.9585557654         0.7182040981
        0.3153165734         0.7590145529         0.4188955148
        1.0336771455         0.8094022092         0.5029275572
        1.0509686748         0.6070861193         0.9067575858
        0.1333810965         1.0473127549         0.1450728796
        0.8930509815         0.2440745086         0.6845911618
        1.0521839603         1.1549044871         0.5487555780
        0.2472178242         0.5514950506         0.5206866434
        0.7997666875         0.9486714879         0.9094021808
        0.9653041163         0.6708548644         0.2807576907
        1.0453437247         0.7672068469         0.5497826509
        0.3759292496         0.5620878293         0.1867531333
        0.6699612871         1.1499544874         0.3757690562
        0.1829374096         0.4272133662         0.6171696194
        0.2713682728         1.1294581153         0.3408606127
        0.9755383001         0.9213794073         0.6066659404
        0.7199773808         0.8427516811         0.6472506819
        0.7649719558         0.7260564077         0.4185811497
        0.7791948440         1.0128809603         0.6374290399
        0.9712788155         0.5395349514         0.1830220089
        0.0733119328         0.1919469225         0.8327760182
        0.7584921025         0.2598419433         0.4638571162
        0.5211644371         0.6224951268         0.9939192387
        0.5151979209         1.0480798762         0.9608787650
        0.5329472341         0.8621249958         0.1572644313
        0.5508099317         1.1751754100         1.0644690408
        0.9237404540         0.2111765498         0.1399134723
        0.2297829498         0.7122188415         1.0285598276
        1.0558335777         1.0355913066         0.4871628950
        0.5351043391         0.3942909595         0.7788015510
        0.6817967203         0.6869269113         0.1289112690
        0.2732985675         0.5099490261         1.0674417815
        0.5027378790         0.3962680602         0.3513940399
        0.0855883303         0.2280195616         0.1302234954
        0.7265221098         0.8363985072         0.1855656223
        0.2885112462         0.2560762757         0.9665043730
        0.3550359789         0.3428003331         0.6426975274
        0.7920817551         0.6893991012         1.1119074246
        0.4573627225         0.5105324425         0.5811642852
        0.1000337775         0.2112590493         0.5504023002
        0.2993883528         0.2734884838         0.5141211429
        0.8123449988         0.2434468500         0.7088554937
        0.3508899969         0.5733298918         0.8355595972
        0.7649226790         0.5414590481         0.2188203686
        0.1504532677         1.1535574703         0.4439535463
        0.6460174865         0.3394268948         0.5844276353
        0.6994939051         1.1727700095         0.4154609065
        0.9307945954         0.5565447912         1.0298457073
        0.2928355563         0.6353848184         0.8452711824
        0.2034628001         0.5335591256         0.3655211149
        0.3004723091         0.4799411678         0.3226281406
        0.2101722008         0.7538502591         0.7130368199
        0.1553693440         0.7351035668         0.7917789032
        0.5509200186         0.6329421445         1.0396512123
        0.8164029554         0.4344855478         1.1023741817
        0.4738987445         1.1168385061         0.3884382062
        0.1779414077         0.6977171220         0.9840722907
        0.5312885066         0.9275855619         0.2649683513
        0.3725106536         0.9101255898         0.2154775038
        0.2363027397         0.6793865077         0.9230541963
        1.0206249933         0.6209633311         0.3528765478
        0.1100526055         0.5950364982         0.3119372562
        0.9849377325         0.6341101902         0.8914190347
        0.7157177439         0.9465675418         0.6360813413
        0.7951386449         0.8562625050         0.9470127515
        0.8637495150         0.9234473075         0.6180445229
        0.5415673873         1.0249975200         0.6487483717
        0.7011152598         0.3427656230         0.4078182091
        0.8483001015         0.8647012614         0.6025913157
        0.8399692080         0.2621453355         0.4125053366
        0.1445072292         0.7810763689         0.9128471908
        0.6081375407         0.5937350483         0.6604871453
        0.5908160606         1.1792793998         0.3638792878
        0.5184199393         1.0835280908         0.4109831660
        0.2832450739         0.8204213930         0.9297341680
        0.5515087680         0.6049077958         0.2271586503
        0.8105600073         0.5015243823         0.8243457514
        0.9423876756         0.4028618205         0.3867561817
        0.5089813284         0.9126422403         0.9560123154
        0.5830684902         0.5484879819         0.5032593451
        0.6390001553         0.5680455876         0.4367771779
        0.5969707358         0.6105933172         0.5021537313
        0.1648744761         0.8208067044         0.3339119275
        0.3129110738         1.1362698115         1.1042380253
        0.6943949186         0.7305781965         0.3787313599
        0.1882069646         1.1500891533         0.2168319639
        0.3746238635         0.4365869813         0.6894971760
        0.6263259333         0.2548849120         0.7063749287
        0.6073399933         0.9051067644         0.6451667783
        0.3155312495         0.9650915715         0.8524620993
        0.1729046070         0.8933148205         0.4625641189
        1.0234209748         0.2804350129         1.0098121072
        1.0494504402         0.2239769045         0.3320245803
        0.2638267474         0.4394164440         0.2819306235
        0.5585015627         0.8585096557         0.3593008996
        0.8814187587         0.5698685089         0.2524403541
        0.3931364305         0.7495794482         0.8386761398
        0.7630168932         1.0330964968         0.5436057547
        0.4998182953         0.7505141211         0.4806363451
        0.2618110010         0.9833220562         1.0197931722
        0.3926772040         0.8647890505         0.8006961044
        0.9966235768         0.7654652221         0.3951295894
        1.0233628716         0.6874698694         0.5564844315
        0.7367851621         1.0245012163         0.9806490639
        0.2453248791         0.2390844646         0.2953764185
        0.9022429585         0.8181010013         0.9812040192
        0.8357000419         1.1492568638         0.9430831480
        0.5762238921         0.9824532505         0.2355515209
        0.3551292864         0.9827566755         0.4412331770
        0.9655462114         0.9581517527         0.6053736368
        0.8318060769         0.5876278268         0.6339134293
        0.2198317543         0.6123645773         0.3114298816
        0.1615634119         0.5865918839         0.8912249281
        0.2378867016         0.3651872276         0.6064247873
        0.7683681005         0.9760246965         0.2746783936
        0.7172152986         0.7083545362         0.9160884174
        0.4418003961         0.6676295280         0.6029317259
        1.0168559774         0.5861843878         0.7133998267
        0.1729266124         1.0627065379         0.2368443412
        0.6148140943         1.0559456890         0.3317450271
        0.5857741797         0.7672744464         0.8640821863
        0.4263564493         1.0442065731         1.0815488020
        0.3517677059         0.8741523169         0.2450038989
        0.3257621686         1.1236514948         0.4707277748
        0.6270238742         0.4787861417         0.2634568483
        0.9233441018         0.2116526071         1.0837519963
        0.9351515048         0.5130525834         0.9350889459
        0.6601838697         0.8753836065         1.0503520561
        0.7314704975         0.8275577050         0.4865504332
        0.3953406765         0.4198652622         0.4124057504
        0.8574108240         0.2102624064         0.3117572120
        0.5089790835         0.2913078177         0.4863644696
        0.3861841055         1.0205856460         0.2095117790
        0.4530924466         1.0443978110         0.2262683268
        0.4987764278         0.8177895856         0.4507764178
        0.7012920896         1.1500917841         0.7678846867
        0.1381518973         1.1237782279         0.2835533907
        0.5482160752         0.2312949540         0.6614352693
        0.3325494365         0.5291533347         0.7612439145
        0.7825889647         0.5371265332         1.1095344786
        0.1060923186         0.8478037404         0.4602086443
        0.2340438278         0.4360749107         0.2018500412
        0.9448779952         0.9351268679         0.5776198675
        0.8557624602         1.1419112848         0.6484642231
        0.1541153207         0.2496894423         0.6770879317
        1.0244390623         0.3977529191         0.4937208785
        0.7369315533         0.5028623476         0.7543377654
        0.1504042710         0.9628852898         0.9100014927
        0.4438716785         0.2818456041         0.5320244551
        0.2693371225         1.0934965191         0.1588906550
        0.7734423142         1.0346782242         0.2016638695
        0.9882876062         0.2178162028         0.9515318280
        0.8012527961         0.5903696962         0.3649696316
        0.8487934833         0.2678440835         0.4335456122
        0.7917751929         0.2960150848         0.9579895950
        0.5097438830         0.9813054224         0.7217365757
        0.9773413556         1.0076897020         0.4543003325
        0.6430610303         0.7956565928         0.6863579912
        0.5048617928         0.4126094337         0.6498538447
        0.3597458761         0.3735675474         0.7995291937
        0.4710437524         0.6944444785         1.0626440042
        1.0246668031         0.9451294804         0.9371613501
        0.1686595416         0.2028645848         0.5296021181
        0.8737206812         0.7335119082         1.0734435454
        0.9308375778         0.9426514604         0.7616709547
        0.2635537586         0.8704993557         0.2470918334
        0.7233026587         0.9139401068         0.9431463456
        0.6253881296         0.8066652859         0.4313720506
        0.9489627324         0.5522407904         0.3842136318
        0.6597665521         0.2962767619         0.5641600948
        0.8808022419         0.6305381802         0.3452061337
        0.9299563314         0.9988681408         0.1355087556
        0.4574528197         0.9803112336         1.0985937595
        0.3950353037         0.5558367575         1.0376352543
        0.2252232864         0.5183574143         1.1170412316
        0.8412275717         0.7093736780         0.9289089978
        0.4518153925         1.1828682194         1.0673140625
        0.9959807705         0.4733809531         0.2874624713
        0.8007330884         0.9000643522         0.1627343861
        0.4735355378         0.7463624488         0.2626174326
        0.9144163432         0.9224164661         0.5995240193
        1.0489443734         0.3791938303         0.6768016178
        0.5894664590         1.0040369624         0.6684333994
        0.1383200567         1.0261893974         0.5826593278
        0.8423515624         0.9819011239         1.0307992175
        0.5722669052         0.9653685057         0.7617839106
        0.1081571298         0.4028891880         0.1690468950
        0.9779936977         0.5730622345         0.4915612630
        0.1535375839         0.5755599666         0.3657263562
        0.1169269097         0.4492795714         0.8623139900
        0.9483309481         0.5839538118         0.3000689168
        0.9498664724         0.2228110349         0.4174651396
        0.5880091512         0.5101886279         0.2654646728
        0.3893054434         1.1821593179         0.4101785136
        0.7715050772         0.5075872705         0.2357897259
        0.2716424955         0.7227247722         1.0148131059
        0.5189373679         1.0612825427         0.4515081292
        0.1998538245         0.8993563110         0.5729001266
        0.1530180945         1.0079115909         0.4351605955
        0.7882799330         1.1843271297         0.8714203349
        0.8520294383         0.2980748193         0.3250137558
        0.1433001124         0.3183911701         0.9180882271
        0.9190164339         0.4493255670         0.6809935488
        1.0040375790         1.1291767828         0.4662024077
        0.2685549415         0.3799413995         0.7139638565
        0.3920032515         0.5026432513         0.8602139779
        0.8933336805         0.6525846662         0.5575924690
        0.2629175193         0.9712713739         0.6778857559
        0.1195141321         0.2412289946         0.4183356119
        0.2028714767         1.0016595297         0.8302157076
        0.8545270756         0.5835992397         0.3033650354
        0.9630860997         0.6690572329         0.9579556350
        0.1284591270         0.7938347577         0.1619195771
        0.6435008168         0.7030187491         0.6580750149
        0.9866422986         0.8575818438         0.5748814485
        0.7009901065         0.8178654255         0.6825115338
        0.5231944581         0.2455617113         0.8287393982
        1.0494876660         0.3226757437         0.8924232634
        1.0328581355         0.7575026675         1.0741168775
        0.9315278733         0.3350862897         0.1884964108
        0.9421578837         0.8325080410         0.1765369316
        0.1200491695         0.2121353411         0.3078260993
        0.4692494494         1.1436970000         0.2874083957
        0.2358852302         0.3286557517         0.3678985026
        0.4196271469         0.2934108148         0.7640098606
        0.4991465601         0.5692481395         0.5157424714
        0.5301516620         1.0237151979         0.1855169368
        0.2747091780         0.8336653706         0.2447512168
        0.0654478490         0.4282285831         0.7159551597
        0.3025879121         0.6339739303         1.0922788856
        0.5893432569         0.5094717498         0.9216432181
        0.1813765758         0.6647406594         0.5924198854
        0.6471289019         0.4094347125         0.6220512077
        0.8773779066         0.8312281974         0.2055669373
        1.0198606380         0.8972253438         0.9416602287
        0.3077187236         0.6680339635         1.0147586550
        0.4244551281         0.7771930514         0.1929774403
        0.6225639235         0.2419266976         0.4604408659
        0.9578264760         0.9978945902         0.1300234812
        0.6486294365         0.7984011977         0.6222482699
        0.6587569615         0.5263557731         0.6112721467
        0.6705826766         0.2365486443         1.0334848825
        0.6855480805         0.6996408161         0.9577723439
        0.7474119436         1.0085050355         0.1507619652
        0.0715474227         0.4271532729         1.1051007628
        0.7811581784         0.6917571032         0.2423364435
        0.5110739576         0.5383881622         0.6673817616
        0.4466054315         0.3858811207         0.5201118712
        1.0231194901         0.5447284804         0.1696230266
        0.1084813433         0.7604721641         0.3419478494
        0.5108010934         1.0552017382         0.1796652925
        0.7049246127         0.3128164172         0.4310995977
        0.9509341213         0.9246999252         0.6811841225
        0.2451937879         0.3669949817         0.9847997718
        0.1935877061         0.6404164950         1.0352439575
        0.1895827489         0.5089777415         0.8412996842
        0.9342245388         0.9772393998         0.8511173069
        0.6504593359         0.7440681407         0.6115768482
        1.0069625909         0.9904771758         0.7774336391
        0.8300891441         0.5313653764         0.6740457540
        0.6883605743         0.4307062487         0.5712159824
        0.4040460442         0.7509061030         0.9929290828
        0.5875169421         0.8299912930         1.0762643841
        0.6468778942         0.5517811497         1.0760442670
        0.2093435077         0.3332311930         0.7495468259
        0.5927659003         0.9102381782         0.4954301993
        1.0236666770         0.2529731331         0.6588342941
        0.0961410223         0.3601863361         0.6217822185
        0.8982716845         1.1329996013         0.2644596060
        0.3827057613         0.2393039842         1.0556019884
        0.0676828390         0.7678058971         0.4174938123
        0.2270818905         1.1831060335         0.8343457494
        0.5909506128         0.7402037412         0.6069111599
        0.6021883399         0.4401130926         0.7053734695
        0.1041387304         0.6587751283         0.2146214917
        1.0321524047         0.4661764628         1.0666073295
        0.9899099446         1.1105188812         0.8346377724
        0.3348686675         1.0440299391         0.6524546103
        0.7337188694         0.2992332178         0.2695637748
        0.7214367281         0.2309182740         1.1150029978
        0.2429058099         0.7603017592         0.1296015940
        0.3310716493         0.6373607707         0.9631290055
        0.5509577572         1.1317013861         0.6782177774
        0.9512018566         0.4522898451         1.1114439669
        0.9639427292         0.5250062654         0.2587144258
        0.7084658770         0.8108495946         0.7356636187
        0.3574759082         0.3093678435         0.3470731810
        0.5380030904         1.1203656306         0.3358445667
        0.3832078471         0.5480327515         0.5377788884
        0.8836146759         0.2045554530         0.8875361450
        0.4010285977         1.0611430924         0.3706612183
        0.8694879208         0.4076756530         0.5823989098
        0.5721573408         0.6108571026         0.3221913346
        0.5966015330         0.4786751988         0.5189081860
        0.6078136855         0.6981269460         1.0539455766
        0.8014541444         0.5325904170         0.4222633453
        0.9167720723         0.6813304207         0.2091485265
        0.1609823534         0.6193176272         0.5717308934
        0.5541242817         0.6754582705         0.5672440687
        0.1831708374         0.8411940844         1.0409595940
        0.4945473116         0.7136589373         0.4933743815
        0.2948043742         1.0711588915         0.6096356388
        0.4699358340         0.5633068600         1.0778271351
        0.3204528735         0.7032757340         0.8485610695
        0.1151952734         0.4317807225         0.5864862663
        0.6491321121         0.3409820690         0.9060965448
        0.7733000413         0.6207055502         0.6488290910
        0.8190617632         0.7002241390         0.5543219558
        0.4787230264         0.7118130042         0.2666376521
        0.0700974456         1.0887686557         0.6888516836
        0.4151592936         1.1445049781         0.5061892187
        0.6924910098         0.7146631239         1.0070966286
        0.4271873643         0.8946655850         1.0944964176
        0.6083338611         0.1964920573         0.6757109498
        0.7125951900         0.5811148839         0.3085482954
        0.7884053777         0.5372509701         0.9881635233
        0.9339394121         0.8485209151         0.1703095105
        0.6629495217         0.6037596965         1.0738242524
        0.3909532547         0.9131958031         1.0742419127
        0.2418635760         0.6770425813         0.1445118071
        0.6193239711         0.7424382428         0.6335542476
        0.3841107357         0.2225965058         0.4426139477
        0.8563365714         0.9374925507         0.3477214681
        0.0956789138         1.1161726077         0.7113583747
        0.6589712257         0.2179616112         0.9393153921
        0.8611692276         0.6447353463         0.5178713300
        0.5315734802         1.0611076139         0.4148476314
        1.0431174781         1.1322280169         0.8253128468
        0.4922840404         0.9856538717         0.1804328484
        0.3834875779         0.2368865453         0.8243964158
        0.0858632025         0.9147646103         0.9261588620
        0.9090501759         0.7139072912         0.3716810804
        0.2390620788         0.7826796649         1.1079101069
        0.7521470814         0.9578789923         0.6977771384
        0.4578942433         1.0498274068         0.1936157341
        0.6935609717         0.4641956578         0.5965926741
        0.6418969622         0.4074115259         0.6029409095
        0.7905040448         0.6727635566         0.6099005538
        0.9743004739         1.0440632691         0.4339439443
        0.0681125206         0.3133633788         1.0949719877
        0.5627302832         0.7123992166         0.5001608039
        0.1081120501         0.8598798328         0.2851564934
        0.4574764118         0.8124015230         0.6506961342
        0.1862411808         1.0946261595         0.8006868153
        0.4944697735         0.8850350698         1.0191037337
        0.1768933417         0.8824575205         0.2928892619
        0.3462491307         0.7456039475         0.9111912525
        0.9025466896         1.1006039582         0.6308725911
        0.6037903678         0.2896851447         1.0860635658
        1.0496276012         0.5258381340         0.2395223748
        0.3341666623         0.3428958578         0.3538291114
        0.5827319899         1.1712264024         0.3188057641
        0.8645793498         0.3719204117         0.2933510197
        0.8190168276         1.1707304846         0.4968783366
        0.1791953036         1.1623308872         0.8948781374
        0.9490421186         1.1422872681         0.4271491324
        0.1526158447         0.7801525884         0.5471825666
        0.3199027966         0.3348378229         1.0263449756
        0.7404457449         0.7222626467         0.8862842256
        0.3146369011         0.5752296087         0.3179057927
        0.7867763580         0.6344353704         1.0125859434
        1.0409375182         0.6741390301         0.5720918961
        0.4054363173         0.9649047598         0.7326285510
        0.2940956357         0.8087642024         0.7191877734
        1.0407212152         0.6918931674         0.8228708416
        0.8272006773         1.0018409077         0.5041380925
        0.7106319858         0.5643401211         0.2570890606
        0.5186008594         1.1305331361         0.5191759473
        0.1851082820         0.8583576407         0.9191303521
        0.4482604701         0.6648187534         0.2705282179
        0.3670268615         1.1711658126         0.3517785948
        0.3376358019         0.6367146527         0.9723261899
        0.8232651677         0.8411375444         0.8534654520
        0.6320321715         1.1473899482         1.1085518747
        0.4345750044         1.0745651979         0.8738196795
        0.5122438562         0.9848872891         0.8192248928
        0.6442545049         0.2732690058         0.3945839159
        1.0272276944         0.1967575560         0.2068913363
        0.8756514760         0.4929103669         0.1330029552
        0.9267298321         0.8375583644         0.2963976113
        0.0765705164         0.3610387061         0.3379526740
        0.9785317661         0.3842702299         0.1979962105
        0.6473952103         0.5511436928         0.8961778118
        0.3368179759         0.7238428845         0.2306875169
        0.4823208060         1.1313289062         0.6851429953
        0.9501649385         0.9625461418         0.1897274942
        0.9455527185         0.8231688164         0.4626048898
        0.7361661049         0.9866237906         0.7860070278
        0.0697453264         0.9953258862         0.8478443719
        0.6943370402         0.2416520693         0.4323458292
        0.4921468377         0.7210722504         0.1577911443
        0.5597853001         0.9045888708         1.0562075944
        0.1955786361         0.2823585854         0.5473469292
        0.8159868205         0.4313212373         0.7922380040
        0.1339342845         0.3632646762         0.1303924352
        0.7438629952         1.1648603168         0.2321231262
        0.3853842595         0.2197534374         0.3090184609
        0.7511026854         1.1333933946         0.4572768033
        0.9814011936         0.9034293663         0.1646437427
        0.5084941483         0.9937458128         0.5336853172
        0.6641326812         0.6201387686         0.6054886174
        0.2893361293         0.5460665975         0.2972984308
        0.9244974040         1.1354312968         0.9774560658
        0.3546369003         0.6832264019         0.7212503261
        0.5211910711         0.6757923697         0.9932380528
        1.0489416119         0.9495110497         0.5263267018
        0.3760019220         0.2830500956         0.3242683835
        0.1943910780         0.8419290613         0.5886545602
        0.3187055807         0.4576760644         0.5114042388
        0.4011806097         0.8113650282         0.5391482725
        0.7953691964         0.3082098285         0.2786057590
        0.7805717803         0.6382892512         0.1758261138
        0.7822562172         1.1707476664         0.5831178221
        0.4071254206         0.2854617889         0.7141990601
        0.9136307953         0.3357565340         0.5838262162
        0.7307810186         1.0040036851         0.3839150197
        0.6934148586         0.4120896577         0.7598931245
        0.4204278719         0.4721238131         0.3525350302
        0.4898512466         0.8035823174         0.2484886043
        0.4176339579         1.1835070933         0.5390676283
        0.1531135999         0.8790060865         0.8443653085
        0.1166144197         0.3262298254         0.6424093277
        0.6867339624         0.1885703192         0.4825967157
        0.6727006541         0.3360348681         0.7529630972
        0.5306947681         0.6444223823         0.7414686580
        0.5987265536         0.7041428631         0.8072415466
        0.4523159141         0.5907402970         0.9502003509
        0.1434473673         1.0268310124         0.2575221912
        0.2100339514         0.9823064112         0.5747686158
        0.8419347266         0.5593321206         0.4214812444
        0.8352254565         0.2207353065         1.0145141840
        0.3124152083         0.3895399158         0.2036715599
        0.3998879720         0.6150091855         0.1697394015
        0.7800883142         0.9352121330         0.2716656358
        0.1188973165         1.0852415646         0.7738630658
        0.9843748584         0.8770750941         0.9372376588
        0.5120888325         0.4332174094         0.9921937622
        0.4866565188         0.5995049344         0.8059676420
        0.2294337038         0.8270703047         0.4775660496
        0.9166071616         0.3168007774         0.8737421074
        0.6698620966         0.4372051818         0.9016472448
        0.1860861042         0.5678860284         0.6517378037
        0.9887935123         0.6789313797         0.8848023207
        0.3397839680         1.0500396662         0.3626691990
        1.0497726210         0.7723507135         0.8376749223
        0.4618713896         0.6791026544         0.4668365210
        0.9846851421         0.8836287761         0.1939385291
        0.1619006194         0.6663254956         0.5624059586
        0.9033569706         0.3620333373         0.6318613790
        0.3103360902         0.6983576309         0.7865278977
        1.0151582000         0.3239786429         0.7933166157
        0.4877047040         1.0687072203         0.4353735455
        0.2329622267         0.5319021810         1.0566066732
        0.7050916108         1.0174602514         0.2374125495
        0.3732918012         0.8896934719         0.2885991593
        0.9614387594         0.4556452361         0.5423475291
        0.3731981375         0.9829085091         0.7869939497
        0.7172114670         0.8834795417         0.2267909618
        0.7363606341         1.1335063587         1.0777059249
        0.3680583990         0.7268840445         0.8201486497
        0.9942226125         0.4137124346         0.6255751793
        0.2395303046         1.0358810135         0.3481181567
        0.9627384338         0.6222143242         0.6095957002
        0.7713159551         0.3988368634         1.0101405304
        0.1362659948         0.8952662782         0.5962717453
        0.1379732043         1.1637526026         0.1491866961
        0.7174538063         1.0966834978         0.6833219062
        0.4668889669         0.9648241342         0.8861517515
        0.6897690676         1.1775877069         0.9732942582
        0.2971812326         1.1451092118         0.4241062841
        0.4739804412         0.2491959672         0.3358897353
        0.8712041674         0.8838545465         0.4796751719
        0.8294725629         0.2179143572         0.4290443763
        0.4168589164         0.2606754499         0.9481435568
        0.4229420277         0.3792397281         0.1450798618
        0.3342489422         0.4488270207         0.5781876358
        0.6318033215         0.2919391597         0.1841919036
        1.0481109969         0.6351503090         0.8259647814
        0.6520434202         0.8637789646         0.4740196421
        1.0026100055         0.3433500938         0.7651615344
        0.8279294935         0.5269096046         0.3524220790
        0.2030776087         1.0014964082         0.6522123169
        0.1884476088         0.5520636068         0.3441504848
        0.8525125874         0.9749183109         0.1442672417
        0.8364501907         0.6563085570         0.6018631300
        0.1209943182         0.8836682338         0.3390861344
        0.7679879807         1.1776684103         0.7470903767
        0.6336183071         0.2106858140         0.2523074943
        0.5828578243         0.2731699122         0.7215947472
        0.8251332776         0.4604144347         0.4475506935
        0.9454596528         0.2365780136         0.1916091398
        0.3651442851         0.6249313242         0.1833478896
        0.1835845060         0.6768322726         0.2921726688
        0.3438317993         0.5032841118         1.0461960017
        0.9697482445         0.9551110715         0.5244120391
        0.4333568365         0.8253019402         0.7958342452
        0.1749240841         0.9595206928         0.2463996279
        0.5494029506         0.4322811672         0.3207722473
        0.5748348976         0.7150811565         1.1084715380
        0.3163566909         0.6618635904         0.8991789020
        1.0311900244         1.0086632675         0.5748549603
        0.6820106233         0.9226658551         0.2890120274
        0.4053129609         0.5644478460         0.9926388766
        0.1583747839         0.2358174859         0.4692427188
        0.5877966920         0.7885939041         0.7155064234
        0.9829519994         0.2505996851         0.6794057711
        0.9376067704         0.7864874758         0.9480735317
        1.0596160534         1.1232519692         0.9595370633
        1.0621904883         0.6679900062         0.4421205031
        0.1916460830         0.7640751918         0.1270141138
        0.6899462822         0.4756204950         0.8460010098
        0.5148720736         0.4721011205         0.5586440534
        0.9445684069         0.4397102366         0.2141566579
        0.5753576385         1.1836379173         0.7676179392
        0.7962330244         0.5222282451         1.0022217551
        0.9897741566         1.0611568923         0.1731772140
        0.1729497837         0.5287438822         0.6693287347
        0.1460007877         1.0323285301         0.5485592573
        0.7703547455         0.2874363563         1.0371473599
        0.8809859617         1.0632332652         0.1933413303
        1.0281908282         0.9509865432         1.1230143691
        0.3705465384         1.1657754890         0.1482784323
        0.4558116723         0.8971153285         1.1117978764
        0.4230302774         1.0756536968         0.2170496608
        0.4181532092         0.5907844444         0.8706137190
        0.8424944597         0.6441471449         0.2002679678
        0.1715598256         1.0055882551         0.6965405052
        0.8243045794         1.1331294009         0.3008050153
 
