6.523521823334148095e+00
1.712270873789994710e+02
-1.124008210642822405e+02
2.352068644005681364e+01
2.356299783383632374e+01
-1.147723700832417393e+02
-5.089504550164703289e+01
-7.743954265763254341e+01
-2.757248452252121851e+01
2.514370865951683598e+01
1.046207452690007216e+02
9.311572760074122357e+01
7.893456621477540125e+01
-6.285379345133486595e+01
1.045613518300871476e+02
6.010740566952671315e+01
9.906322716572815068e+01
-5.578127936317136104e+00
8.946368678908015681e+00
-1.010312912131587737e+01
-2.431850701793877789e+01
-2.581624181527362438e+01
3.526653934321814177e+00
1.327092049104343232e+02
2.610584877224427203e+01
1.393110425619254400e+01
3.935165676094179332e+01
7.507254136862820815e+01
8.764990452600723359e+01
-5.880664492287793621e+01
-4.329193145194157211e+01
-3.252062589949677829e+01
-5.361010097897386117e+01
-6.378476672132791236e-01
-1.919653274991124192e+01
1.838704386133997559e+01
1.289463614765222133e+01
-1.319354397995155637e+01
-5.484873330432378680e+01
-3.193462868760034112e+01
8.698258923810193721e+00
1.182340785209021305e+02
-7.684406117976042339e+00
5.582892652806792455e+01
8.685961224001411551e+01
3.143634532362214173e+01
1.652603501972751587e+01
-1.869271508321826758e+00
1.507393416395806796e+01
-5.931862001592172362e+01
-4.526078234642201892e+01
-1.035353140307671822e+02
4.445948810969911236e+00
6.241353188760702153e+01
-4.050030426806169714e+01
1.121219694170164303e+02
-1.144934955733270954e+01
-4.264790251750642369e+01
-5.395344403015220536e+01
2.774953566986288322e+01
-1.291135176860998115e+02
-7.003810325006280380e+01
-9.904404915869599790e+01
-7.005579547107544158e+01
-7.454513391658188937e+00
-7.520549583860696430e+01
6.146724575605174579e+01
3.237024965900504725e+01
1.647617577688590274e+01
-3.859597067507291968e+01
1.099084905395198319e+02
-1.861774389514724817e+02
-1.087719304487601164e+02
-2.129262884830129110e+01
-1.137131285968036387e+01
-1.510381774387256826e+01
-6.001624586757447588e+00
1.024338986046030016e+02
1.746498244381621134e+01
2.442886602968303222e+01
-3.599276283800477927e+01
3.265872285171092670e+01
4.028465628267228738e+01
-3.943593697472289961e+01
-5.970900799261656999e+01
3.632260006882198411e+01
4.788327244393806836e+01
-1.754455897353245746e+02
-1.363189138365621034e+01
1.579029367884328110e+02
7.727230181345018423e+01
-5.855765290635734033e+01
1.012087058530529404e+01
4.446573712189794492e+01
1.474032837396755191e+01
-1.404392717967797637e+02
8.300850327483919955e+01
2.362074817938690074e+01
-1.542561778989568921e+01
8.983452913461364631e+01
1.444251620430514649e+01
-5.729639030587630799e+01
1.346209338611803474e+00
4.791748046544447703e+01
-1.963237817423645311e+02
6.806674037125047505e+01
4.184060624927451499e+01
-6.498952773882126621e+01
1.480169087751415020e+02
-9.686539602149639450e+01
7.421267786893820073e+01
-1.476465573251439878e+02
4.300426412934869091e+01
-7.606696545067282500e+01
4.553982005946741651e+01
1.244978253915689947e+01
-6.068786144995011966e+01
9.012746115209894526e+01
-4.121873282787991144e+00
5.268038957171521020e+01
-5.381385178908166722e+01
2.343932376647122240e+01
2.137092626356733831e+02
-8.155326979172323831e+01
2.173246617812465331e+01
-1.007304958473608281e+01
-8.603781513441734319e+01
-4.140885349420472039e+01
2.193541110235686631e+01
2.977906152524205652e+00
1.208044834664943039e+02
-1.199890276456739713e+01
-1.479258205997136599e+01
6.871155151456615329e+01
-1.573777418343935253e+00
-8.355982819252923832e+01
-4.421889119170646154e+01
-1.328662156385306332e+02
-9.401057096963711501e+01
-9.594743939948516243e+01
6.594902683149709333e+01
7.717480689094995228e+01
-6.689584237927752497e+01
7.752678368574137835e+01
-4.261231723951995320e+01
-2.757574623838373640e+01
-1.106379015247190836e+02
-1.274291548716079348e+02
6.267218189028126574e+01
2.226375733463281392e+02
-4.859040185638603759e+01
-1.327501908235994108e+02
-8.899306187881805386e+00
1.366080939323732650e+02
8.416087715091677524e+01
-2.174864196403044900e+02
-2.724151097353286559e+02
8.831707703460025982e+01
4.210579601115366444e+01
-1.184686349317151297e+02
-2.964190050088007311e+01
-1.385802676342907773e+02
-4.438885908741042385e+01
2.200867198697709526e+01
9.381236322808156558e+01
-1.064374851138489220e+02
-6.389506784698354380e+01
-8.021898452277895331e+01
-3.299415260922879725e+02
-8.258184796454063559e+00
-1.508454324151986903e+01
4.650840226691350665e+00
4.077320671258942753e+01
-2.843126368152343986e+01
1.444665744549169233e+02
7.820597855498000683e+00
6.646499795199872551e+01
-1.299921741591198554e+02
-5.080859081594449833e+01
2.880032949594420302e+02
7.394608096574941669e+01
1.288089521439483462e+02
1.199256738818172323e+02
2.912209112131776223e+01
4.658342046850521001e+00
-8.235302839398610786e+01
3.991631728149461367e+01
2.887767232663146899e+01
5.760284501806779645e+01
-2.033551841513922227e+02
-9.119822162217765538e+01
-1.349345442310613805e+02
-9.520372871831283135e+01
-8.897897193786525349e+01
-9.772439622961226746e+01
-2.173578942274993437e+02
7.403091549928458903e+01
3.335410487069991348e+01
9.961061616878671998e+01
1.099967035552489847e+02
1.002504176313397863e+02
4.254588383432023591e+01
9.571032714511014206e+01
2.441186438666967717e+01
7.830293497049171947e+01
-7.065334648754161151e+01
-3.344784409994794316e+00
1.506704964411847811e+02
-1.171649568426234680e+02
-4.356054910793645973e+01
1.904233254630154306e+02
-1.078474915040666815e+02
-2.332375969753994127e+02
-6.381743381205134114e+01
-2.108924698308368306e+02
1.829518766565369106e+02
-1.102743481825203560e+02
1.052864655580692954e+02
-6.821168117430828204e+01
5.480462349715874382e+01
1.333469868876160547e+02
1.953218211031834812e+02
1.898824181432561176e+01
-2.872170634004357126e+01
-4.076796035237648397e+01
-4.320846200255192571e+01
-1.916585771110413248e+02
-2.123126360196502560e+01
2.337527834763697570e+02
1.208590403563944733e+02
1.400278685184361507e+02
1.341672450960561136e+01
6.496599803042002463e+01
7.556331987309235387e+01
1.821858279307084771e+01
3.708664770051162662e+01
1.176842187992520081e+02
3.408189779436050060e+01
-4.769910929711259229e+01
2.920088311021198990e+01
2.075615064346765593e+01
-1.708513696983164820e+01
1.047511987393754964e+02
5.552576935208658426e+01
-5.614453116483310247e+00
-7.848681239609735627e+00
3.701432772436736229e+01
4.048042005014067968e+01
1.058604914338015845e+01
-2.073580450859759594e+02
-4.852300372859756550e+01
-3.382799493755629783e+01
-2.502303497449415559e+01
8.618940338021884884e+01
-4.597099107236745397e+01
3.121719839186767587e+01
-1.351569678434742450e+01
-2.365413796652832801e+01
-8.242381897119825851e+01
-2.428255329234702553e-01
3.459050000077161968e+01
-1.456214751792549045e+01
-9.550067388145889424e+01
1.083040620689548774e+02
1.071703993836638915e+02
6.766728967387655302e+01
-4.351739007338510490e+00
-2.232631936956104823e+01
-1.715175753590087879e+02
1.569359700528147705e+01
2.165374790458592003e+01
9.559568314391238175e+01
6.009503013204724198e+01
-1.326557170637522987e+01
4.418205260754053398e+01
3.319759367621435331e+01
3.195056450538791637e+01
-2.135507519562695933e+01
-1.039742049949205835e+02
3.615671949561711784e+01
-1.852372899472055963e+02
-2.329487606677080791e+01
-1.545546537126145381e+01
-2.097106364316105100e+02
1.014218530484007204e+02
6.459994564978849496e+00
1.217477469456911905e+02
6.383207569439233708e+01
4.243470484648764085e+01
7.552803931896630729e+01
1.024083916691712801e+02
-8.885127893006711020e+01
5.661465617773957604e+01
-2.023450187623749059e+02
8.314900886029943194e+01
1.267397576259163969e+02
8.831464962362639426e+01
-1.552206517527991991e-01
2.299713921895571644e+01
-1.604986232731828579e+02
2.343168748161546233e+01
-2.327615438468386060e+02
4.404660980567895479e+01
-2.396576865702506609e-01
2.312542288614577046e+01
-1.893160292631118296e+02
9.394900641165101263e+01
-4.861047119408544148e+01
-4.429208622608825863e+01
8.538727558831760689e+01
-2.380766786621340003e+00
-2.919086790499549977e+01
-8.862164282527395187e+00
-5.525015533225899844e+01
2.439443235624118245e+00
5.121430518528019604e+01
2.546926212602169670e+01
1.213204396941835199e+02
-8.648048503150369015e+01
-3.971031622282315965e+01
1.000402191872445741e+02
2.697785917740929307e+01
6.726726183378514179e+01
-1.430129016505559321e+02
-1.071785992284108744e+02
-5.182578148049258004e+01
1.017215156109071899e+02
5.101295645212857721e+00
-1.333057947104057348e+02
4.615900338569312567e+01
6.766848248440871316e+01
3.347723758763685442e-01
-1.396443420632537595e+02
-2.159971520894996999e+01
9.304391809920932133e+01
4.069616416167733064e+01
4.241364996865563342e+01
-1.078602261498448200e+01
6.504909162992154847e+01
9.120446452935645709e+01
-1.738913457560675724e+01
1.648360536230326545e+02
4.992167006187072076e+01
2.067445063023264851e+01
