-1.665978673754598294e+00
-1.665811275239253098e+00
-1.665633680596473765e+00
-1.665793973957009788e+00
-1.665426039221385990e+00
-1.665574356933918310e+00
-1.665568693791187549e+00
-1.665077867460676986e+00
-1.664962950777204576e+00
-1.665096062113534447e+00
-1.665315154820969923e+00
-1.665354357041782141e+00
-1.665356550684187642e+00
-1.681971987868349450e+00
-1.681856588931642804e+00
-1.681853581919202645e+00
-1.681823326301699950e+00
-1.684783938515623580e+00
-1.681739875539901785e+00
-1.681739069394826869e+00
-1.681529244557224523e+00
-1.692607468952906480e+00
-1.692509230430599088e+00
-1.692506786204482250e+00
-1.692046035572214002e+00
-1.691854004573781989e+00
-1.692010845067409397e+00
-1.691866991223671013e+00
-1.691863584844770507e+00
-1.691911227184532462e+00
-1.708381351960885253e+00
-1.708376195273950238e+00
-1.708414256335734960e+00
-1.708184188349532562e+00
-1.707902929071470233e+00
