0.000000
0.000002
28.389652
28.389653
47.515949
47.515951
82.040563
82.040564
283.660036
283.660038
320.578846
320.578848
349.890028
349.890029
368.585940
368.585943
6157.593110
6157.593111
6163.472271
6163.472272
6213.705020
6213.705022
6310.571801
6310.571805
6319.723275
6319.723277
6352.323880
6352.323883
6384.818819
6384.818819
11438.173245
11438.173245
11458.922072
11458.922076
11565.860228
11565.860229
11575.051922
11575.051923
11596.717514
11596.717514
11640.215624
11640.215628
15804.183697
15804.183700
15970.809587
15970.809587
16052.499263
16052.499264
16057.217364
16057.217366
16174.454339
16174.454339
18366.636720
18366.636721
18389.960679
18389.960681
18405.350826
18405.350826
18510.596804
18510.596806
18556.760053
18556.760056
21434.546095
21434.546097
21435.732904
21435.732904
22048.018302
22048.018304
22058.801952
22058.801955
22138.080536
22138.080537
22150.123814
22150.123816
24873.120716
24873.120716
24960.657296
24960.657298
24974.675905
24974.675908
25163.909394
25163.909394
25178.464145
25178.464146
25278.800197
25278.800197
25464.004706
25464.004706
25519.734722
25519.734723
25540.720972
25540.720974
26951.851225
26951.851225
26992.129906
26992.129908
29739.722270
29739.722271
29761.065280
29761.065281
29823.474816
29823.474817
29854.493888
29854.493888
29928.333553
29928.333553
33418.350069
33418.350070
33439.643197
33439.643197
33474.791638
33474.791638
33558.138501
33558.138503
36194.139101
36194.139101
36360.759464
36360.759469
36410.827865
36410.827866
42342.678519
42342.678523
42389.004355
42389.004356
42459.194315
42459.194317
42569.984983
42569.984983
45194.763708
45194.763709
45209.230537
45209.230538
45457.392755
45457.392756
47319.473984
47319.473985
47329.813992
47329.813994
48543.105822
48543.105823
