0.000000
0.000000
32.352448
32.352450
65.466668
65.466669
130.210160
130.210161
318.683968
318.683968
357.422681
357.422682
399.002826
399.002827
423.712792
423.712793
6156.122022
6156.122023
6210.888962
6210.888963
6227.722561
6227.722561
6334.965109
6334.965110
6356.879773
6356.879774
6390.089961
6390.089962
6427.090324
6427.090325
11446.690819
11446.690820
11490.993769
11490.993769
11578.874689
11578.874690
11606.077673
11606.077675
11632.601856
11632.601858
11680.918145
11680.918146
15800.239061
15800.239062
16014.390495
16014.390496
16059.766323
16059.766323
16099.976910
16099.976911
16214.552483
16214.552484
18350.182291
18350.182291
18407.992918
18407.992918
18426.308993
18426.308996
18515.548628
18515.548628
18577.726554
18577.726555
21445.674977
21445.674979
21447.426695
21447.426697
22048.952478
22048.952479
22071.100392
22071.100392
22138.804284
22138.804284
22172.272249
22172.272250
24874.920476
24874.920477
24962.646777
24962.646778
24991.778927
24991.778928
25144.307665
25144.307667
25164.088341
25164.088342
25275.109115
25275.109116
25471.243086
25471.243086
25526.200843
25526.200843
25556.807573
25556.807575
26955.971122
26955.971124
27004.129713
27004.129714
29727.217785
29727.217785
29753.765710
29753.765710
29827.217735
29827.217736
29851.515562
29851.515563
29932.331169
29932.331169
33407.571193
33407.571193
33435.130260
33435.130260
33469.291729
33469.291730
33561.385149
33561.385149
36182.388759
36182.388759
36354.308692
36354.308695
36417.285905
36417.285907
42293.229244
42293.229248
42404.244715
42404.244717
42453.572644
42453.572647
42559.694154
42559.694156
45141.837556
45141.837558
45230.516426
45230.516426
45453.746482
45453.746483
47308.973939
47308.973940
47316.923026
47316.923028
48530.587383
48530.587384
