-2.942302612283329122e+00
-2.942036133002956522e+00
-2.942113781179453991e+00
-2.941959712237269819e+00
-2.941824955251398421e+00
-2.941790846306002294e+00
-2.941838950665139674e+00
-2.941434448078394936e+00
-2.941471415571174308e+00
-2.941413636340345583e+00
-2.941576353278092526e+00
-2.941477559809168696e+00
-2.941560572748219027e+00
-2.958298804955881156e+00
-2.958161870522777015e+00
-2.958187321799250924e+00
-2.958186035715248074e+00
-2.961107199951177105e+00
-2.958128575619812572e+00
-2.958071258037370921e+00
-2.957839612251715433e+00
-2.968982244200693454e+00
-2.968852415978767922e+00
-2.968832118741645321e+00
-2.968420726398028897e+00
-2.968206894432477316e+00
-2.968410165658427857e+00
-2.968297915754407157e+00
-2.968272090283115450e+00
-2.968205152077266540e+00
-2.984868508020188216e+00
-2.984717181809490860e+00
-2.984660133733747056e+00
-2.984482982461210465e+00
-2.984321679478939338e+00
