0.000000
0.000006
36.030125
36.030126
59.829674
59.829676
124.502504
124.502518
300.250091
300.250097
335.578271
335.578273
374.197683
374.197686
395.719513
395.719519
6154.190680
6154.190681
6203.171212
6203.171214
6223.927679
6223.927679
6320.349515
6320.349515
6341.929315
6341.929317
6373.056949
6373.056949
6406.433336
6406.433339
11444.326090
11444.326090
11486.152002
11486.152005
11567.993778
11567.993778
11592.858494
11592.858497
11621.032759
11621.032761
11661.144878
11661.144881
15805.285278
15805.285280
16008.418201
16008.418207
16045.296775
16045.296781
16089.048935
16089.048939
16190.592317
16190.592323
18341.185185
18341.185188
18391.330996
18391.330996
18408.345355
18408.345358
18497.315219
18497.315220
18550.710122
18550.710125
21431.163298
21431.163301
21432.888626
21432.888643
22035.192129
22035.192134
22057.925876
22057.925887
22119.192014
22119.192019
22150.099039
22150.099046
24862.839836
24862.839838
24945.988168
24945.988173
24971.815080
24971.815083
25139.494185
25139.494196
25155.547629
25155.547634
25256.916510
25256.916515
25446.621353
25446.621354
25498.253355
25498.253362
25526.465304
25526.465309
26940.723451
26940.723452
26985.363436
26985.363437
29715.603344
29715.603347
29738.793951
29738.793952
29806.265323
29806.265327
29831.432531
29831.432534
29909.194233
29909.194239
33393.321091
33393.321091
33419.248545
33419.248554
33451.983791
33451.983796
33539.324031
33539.324032
36171.074243
36171.074251
36337.268249
36337.268250
36391.864625
36391.864627
42281.406471
42281.406472
42375.989289
42375.989297
42429.148219
42429.148220
42528.017383
42528.017385
45128.934190
45128.934192
45203.331815
45203.331818
45420.369363
45420.369364
47284.014023
47284.014025
47291.485686
47291.485687
48505.380027
48505.380028
