-3.944446519074548796e+00
-3.944204624610188503e+00
-3.944295962940310929e+00
-3.944114473982177849e+00
-3.944016997139068614e+00
-3.943973236552776207e+00
-3.943938095566901225e+00
-3.943651905628427379e+00
-3.943679132715799618e+00
-3.943571318759634625e+00
-3.943850591255721572e+00
-3.943708810941665366e+00
-3.943784986556092331e+00
-3.960502548053833838e+00
-3.960407435763241502e+00
-3.960437700583240073e+00
-3.960415207260907344e+00
-3.963334916189071855e+00
-3.960354781646218569e+00
-3.960299207929885767e+00
-3.960088157265182485e+00
-3.971209694523522682e+00
-3.971106234828538195e+00
-3.971091043136820709e+00
-3.970681075701731011e+00
-3.970462516323375990e+00
-3.970653158368602220e+00
-3.970510935285159526e+00
-3.970489948336566322e+00
-3.970490278277721607e+00
-3.987151418339410558e+00
-3.987012693900607641e+00
-3.986978484703762149e+00
-3.986769485264167301e+00
-3.986616263236270719e+00
