 3D1     Ewald 
 1  0.0  1.0E-12  1
        9.7058164316         9.7338747400        12.2261285127
  113.2410   113.1967    90.3675
12
Li           0.3747174000         0.1228980200         0.7462956800    1.000  0  0
Li           0.6252826000         0.8771019800         0.2537043200    1.000  0  0
Y            0.1245757900         0.3745110000         0.2494134100    3.000  0  0
Y            0.8754242100         0.6254890000         0.7505865900    3.000  0  0
F            0.4586400700         0.7638208000         0.5869553500   -1.000  0  0
F            0.2643159300         0.6321515500         0.0881555800   -1.000  0  0
F            0.8709832100         0.6766149700         0.4123660600   -1.000  0  0
F            0.8233158900         0.9559992100         0.0882493300   -1.000  0  0
F            0.5413599300         0.2361792000         0.4130446500   -1.000  0  0
F            0.1290167900         0.3233850300         0.5876339400   -1.000  0  0
F            0.1766841100         0.0440007900         0.9117506700   -1.000  0  0
F            0.7356840700         0.3678484500         0.9118444200   -1.000  0  0
800
        0.5372808921         0.3289332544         0.6303828432
        0.1278618592        -0.0908138397        -0.1722008666
       -0.1942827865         0.1058268248        -0.0206817673
        0.2544227931         0.3582009750        -0.2297357561
        0.2811224288         0.3655736186        -0.0575424803
        0.6211310266         0.7398979015         0.0586884141
        0.5280334297         0.1290338641        -0.0909659465
        0.0413749970         0.7710406372         0.0052182641
        0.2346485551         0.5696631985        -0.2486751733
        0.0568399801         0.3398012682         0.7343196372
        0.3018557258         0.3078008033         0.7054527602
       -0.0483439827         0.4572245865        -0.0600248197
        0.2738720088         0.1622381057        -0.1064894760
        0.2204220599         0.8075827151         0.2747082403
        0.4571937293         0.1680793874         0.3516832020
       -0.0787871369         0.5062053446        -0.1871109889
        0.2210772745         0.8269663071         0.1689272329
        0.0581702793         0.7838732454         0.6015756600
        0.1136066834         0.4464641803         0.2933050966
       -0.2721085698         0.4071819669         0.4460155443
        0.3940193100         0.3095192683         0.0930634030
       -0.0312278960         0.5418084210         0.1516224946
        0.2840215775        -0.1195328515         0.6281765575
       -0.2721624059         0.6089432212         0.3021392413
       -0.1786417072         0.6792273732        -0.1228982071
        0.2762931518         0.2447036744         0.4145016713
        0.4107953911         0.6680146377        -0.1045038898
        0.3499891994         0.0047913773        -0.2335873257
        0.1072393152         0.2816324984         0.5486818678
        0.5427668333         0.2377372958         0.0666021967
       -0.0327186965         0.4048540797         0.4092077953
        0.3015768660         0.0305300337         0.1650287635
        0.0181371175         0.4036125734        -0.1910298225
       -0.2169277396        -0.0393279388         0.6874406710
        0.2346551234        -0.0729308245         0.4147054445
       -0.2048382183         0.5731393919         0.0734116154
        0.4845958170        -0.0198642146         0.1844844531
       -0.3068087779         0.7199865525         0.2012993716
        0.5236693481         0.1645405579        -0.2500047265
       -0.3672772399         0.7578492511         0.3316724468
       -0.1525073616         0.7503305588         0.5937714306
       -0.2423950195         0.3196493941         0.3927325486
        0.5905225240         0.1279715483         0.7451079122
       -0.2541551578        -0.0845377236        -0.0366416080
        0.0230102965         0.4435703808         0.0268875369
        0.4369920880        -0.0338259898         0.3032638439
       -0.2034692055         0.5856589138        -0.0379655108
       -0.1845507866         0.6906349721         0.5606507085
       -0.1101167287         0.8166404610         0.2084890595
        0.1941869868         0.2300215837         0.0561321081
        0.4660723649        -0.0429913754         0.6659715621
        0.5209926015         0.5465246376         0.0312786573
        0.1218503941        -0.0438439494         0.5916103140
        0.1529852257         0.2926540732         0.5097720143
       -0.2500743815         0.2395097609        -0.0896427233
       -0.1310177277         0.6855828389         0.2581469863
        0.3667861089         0.4404440728         0.0077952900
        0.5926778980         0.7052573633        -0.1783866955
        0.2416932421         0.2369271584        -0.0846958917
       -0.2815300280         0.2462539496         0.2979565406
        0.5638169796         0.5013678982         0.3553261907
        0.2392199776         0.4526883709        -0.0689199977
       -0.2054629843         0.0074369450         0.6174839267
        0.0487903099         0.5270452962        -0.1357877661
        0.4227382170         0.7825443712         0.2923454719
        0.1229974397         0.5347555440         0.0627060339
        0.0943084870         0.0995922649        -0.1221856225
        0.0919388570         0.6546455096        -0.2132136912
       -0.2106729359         0.1988141885         0.2550120649
       -0.2447575178        -0.1054657569        -0.0035453930
       -0.0566880995         0.0558259264        -0.0690113414
       -0.0107174089         0.0205511062         0.6494341613
        0.1194037115         0.3185892727         0.3778169925
       -0.0430114282        -0.0585209572         0.3927691650
        0.3959315433         0.0485368290         0.6827264909
       -0.0759726262         0.3232635605         0.3185629079
       -0.2235968586         0.7267701683        -0.2289703871
       -0.2766273059         0.2971182350         0.4006641369
        0.4529241748         0.6775949809         0.4949490310
       -0.2107490616         0.5354668569        -0.1988470138
        0.4956315506         0.0106769368         0.0464317661
        0.3759582451         0.5877515730         0.1050036727
       -0.2730769676         0.5144049933         0.5561172781
        0.4953983307         0.0108469390         0.1446223120
       -0.3464349234         0.5755844329         0.2884010888
        0.6164235761         0.2849656269        -0.0063069863
        0.5691391606         0.1055489683         0.6480296102
       -0.3642980144         0.6544326315         0.6025283031
        0.2398918209        -0.0813904557        -0.0052252367
        0.0413057812         0.3938803607         0.1943272690
        0.3278479226        -0.0397452017        -0.1813804580
        0.1868872294         0.4373040505         0.7373249744
       -0.2224065658        -0.0823479897        -0.0664450087
       -0.0199151071         0.1338435797         0.6722584768
       -0.1118926297         0.8533234492         0.6177091055
        0.0036738189         0.1063723039        -0.0848370105
        0.0301114926         0.5986064161         0.0010702524
        0.3838552840         0.6575133296         0.1188373289
        0.4659700008         0.6453793181         0.3073928615
       -0.3680501411         0.8666726800         0.3102775185
        0.3174199610         0.0666403527         0.6392013294
        0.0287144032         0.5271706282         0.1945703589
        0.3567778180        -0.0391985512         0.2355918921
        0.4965522334        -0.0050925323         0.2688854753
       -0.0152627210        -0.0593901018        -0.1472240978
       -0.3351000742         0.0158226057         0.7215452596
       -0.0927302863         0.0000637045         0.3842903589
        0.0911478860         0.0316240639         0.0862225382
        0.1470702097         0.1122862874         0.7448180415
        0.5250683607         0.7047629058         0.3236187289
       -0.0938201782         0.6297424495         0.0985224537
       -0.0023031604         0.1474254288         0.6895102746
       -0.2352488035         0.8110695214         0.1073989133
        0.2398543604         0.5631563070         0.3871908246
        0.4246256135         0.7624958916        -0.0698155957
        0.0752869750         0.3689464380         0.6075785396
        0.0407547485         0.8315318930        -0.0370253515
       -0.2715065678         0.8116383365         0.4508115486
       -0.1284082994         0.6482800432        -0.1073008515
        0.4339934297         0.0786598435         0.0402166917
        0.2131309366         0.5110195086         0.1585620237
        0.3070633893         0.5086846242         0.5543068515
       -0.2769054382         0.5564753921        -0.1239382121
       -0.3489600480         0.7855738878         0.6154395060
        0.2874046593         0.5102595261         0.2714673976
        0.5334185958         0.7211283424         0.4885189459
        0.5096313013         0.0068415626         0.0282516309
        0.3500629060         0.8121897055         0.3824940869
       -0.2435394124         0.2867984548         0.2323240185
       -0.2953761478         0.1550092120         0.0650215101
        0.5120570902         0.3586261168         0.1002037923
        0.3580993225         0.0589570002        -0.1933237294
        0.4303633544         0.5179873990        -0.1840241858
        0.6206935962         0.1355519316        -0.0880016502
        0.0023134978         0.3494254558        -0.1543413398
        0.4843554871         0.5970875729        -0.0346905229
       -0.2167632039         0.2223640856        -0.1227014874
       -0.0091351151         0.7798423005         0.0541853119
        0.0113563822         0.4586256352        -0.1946683689
       -0.1694404077         0.7354085958         0.0642478254
       -0.2402258829         0.3759687457         0.1946508347
       -0.3544247462         0.5266587420         0.0981318719
        0.4108403293         0.8190104075         0.2131695864
        0.4711099138         0.2250850763         0.3826697273
       -0.2995985845         0.5925652476         0.1162858963
        0.4467694324         0.6474881821         0.3728814818
       -0.3197169558         0.7648347472         0.7481400362
        0.4155810974         0.5345510399         0.4203300915
        0.4313491334         0.6672478241        -0.2313729129
        0.3497222339         0.0813382194        -0.2482738119
        0.1161224049         0.7192184297         0.0103101708
        0.3539571688         0.0188145365         0.0189679528
       -0.1379037475         0.1932948332         0.6569739528
        0.1591896564         0.5909739993         0.2507156910
        0.1879383558         0.0304313371        -0.0559772223
        0.2648894931         0.1992260461         0.7154968127
        0.5262384645         0.7627513139         0.0564634454
        0.5730407773         0.0795586116         0.5927000060
       -0.3315751316         0.8621307928        -0.1644100276
       -0.3137967548         0.0824174816         0.5277578975
        0.2736870259         0.4720284835        -0.1527092522
       -0.0683235499         0.1734755524         0.3659682035
        0.3141590947         0.1583080687         0.5891125993
        0.1190965887         0.8624649180         0.3647718134
        0.4320797368         0.4511363255         0.2863998474
        0.1894901888         0.8073812783         0.7162486028
       -0.0155974915        -0.1224749770         0.7449769821
        0.0519595696        -0.0238910179        -0.1983213388
        0.5035183210         0.1858360145         0.4639900087
       -0.1018762941         0.4071988670        -0.1997084201
        0.5764642323         0.7257546332         0.5269154505
       -0.1790148667         0.1185548415         0.1696165322
       -0.0098849136         0.5409212798        -0.1514833372
        0.4781485063         0.4678149833         0.3358966328
       -0.1514444028         0.3677105068        -0.1858092907
       -0.3439211741         0.3681851708        -0.1289972334
        0.3860060909         0.6289545586         0.6173488819
        0.6045464362         0.7561330705         0.6705773636
       -0.0238739219         0.7883439499        -0.1255935688
        0.0732913713         0.8631868251         0.5392208937
        0.2298176004         0.6060158099         0.0333785504
       -0.3586152832         0.3835703181         0.3170451957
       -0.1053592376         0.6065095316         0.3091854137
        0.4650106342        -0.1181971305        -0.0623162995
        0.5973561589         0.1086892377         0.1265323288
       -0.0808952305        -0.0331735018        -0.2159643861
        0.5455564714         0.2463726623         0.4919894301
        0.5156495509         0.4724751927         0.1125994009
        0.0336386452         0.4304405176        -0.0847434335
       -0.1853184186         0.1161339963         0.7024169821
        0.6109718344         0.0675596443        -0.1361587790
        0.1332652789         0.5349769405         0.1098383091
        0.4389228705         0.2021962575         0.1191439995
       -0.0442459214         0.7763643156        -0.0375803016
       -0.3032223938         0.7827967439        -0.0414482369
        0.4599633501         0.2703352848         0.0582158179
        0.5707730002        -0.0179558915         0.5853979710
        0.3404445928         0.3225245906         0.2156512709
        0.1512446392         0.7200917966         0.0382502694
        0.2719554839         0.2576557343         0.5531851639
        0.5475814208         0.8613166066         0.4312881406
        0.1326596807        -0.1227154160         0.1126832219
        0.2251091281        -0.0964818402         0.2093973146
        0.4110185546         0.3711347144         0.6365245890
        0.6143555453         0.2987340636         0.5206428624
        0.5747142974        -0.1133141110        -0.0231646211
       -0.1594177813         0.2260849245         0.1441493270
       -0.2656806653         0.6692301498        -0.0724221126
        0.5124705358         0.1518530236         0.0794174795
        0.4361663646         0.3681477574         0.6842634843
        0.1686616458         0.2850602714         0.5498465054
        0.2277330348         0.1403294252         0.5377428246
        0.1540830315         0.4512649832        -0.2372752652
       -0.0340314632         0.0764567496         0.4906337565
        0.0594840106         0.8092482380         0.1895433248
        0.6216231024         0.8570903947         0.3402278225
       -0.2489444746         0.2713360785        -0.1232012022
        0.5630814127        -0.0566164005        -0.0995470983
       -0.0286065816         0.2076729202        -0.2304997094
       -0.1043769971        -0.1082145751         0.5768204992
        0.5344565050         0.1953759708         0.0995245186
        0.3128113699         0.1677562974         0.6319923953
        0.5094902747         0.5828597566         0.6838521124
       -0.1010346331         0.1248877665        -0.2478509490
        0.2331082085         0.1415914504        -0.0079781243
        0.5400876704         0.1070680451         0.4746118352
        0.2860600880         0.3075514341         0.1391710926
        0.0592186223         0.3752750755         0.5300877876
        0.1674263680         0.5172630570         0.2505309385
       -0.3458416580         0.4061744996         0.2520162762
        0.3302567827         0.4081563045         0.6149267817
       -0.1384719378         0.2738957730         0.7218789839
       -0.0136199340         0.0356938796        -0.0200791501
        0.4614404364        -0.0726890624         0.6454850537
        0.2510971301         0.4898320158         0.7002963920
       -0.3214562032         0.4044310135         0.4312425622
        0.5598354068         0.5066208787         0.2746959486
        0.5421103013         0.1543215046         0.3576958391
       -0.2601852297         0.5870856400        -0.1725481468
       -0.3010450933         0.7668163381         0.0794859132
       -0.3201911975         0.1520080243         0.0792401267
       -0.3286632533         0.4869184325         0.2205151028
       -0.0190856712         0.0953215537         0.5437492227
        0.4209043522         0.5150456891         0.6077074394
        0.4055262439        -0.0184728087         0.3626662153
        0.5923794580         0.7799308993         0.3137837244
       -0.1991106809         0.7760706073        -0.1500114890
       -0.3628324087         0.5472615785        -0.1671863422
        0.2370552247        -0.0782951239         0.0840734474
        0.4074305047         0.2133330475         0.2315300300
       -0.2369744532         0.7642964035         0.2793993441
        0.5795272341         0.5961565034         0.3634153670
        0.4969330153         0.0531348549         0.2194351459
        0.3039342967         0.3941971097         0.6161207987
       -0.0868057595         0.1293306960         0.1603152013
        0.1432437001         0.7278322341        -0.2033834944
        0.5317019187         0.0595851685        -0.1457433241
        0.4351837147         0.3387813145        -0.0306060597
        0.2611180401         0.2396914072         0.2683129715
        0.0109124858         0.5136266611         0.4896436739
       -0.0819680448         0.1830106662         0.2334514094
       -0.0483827622         0.6540218775         0.7326293892
       -0.2845545010         0.4874345427         0.3803219343
        0.0316394206         0.0304345264         0.5526665624
       -0.0510124256         0.7284099023         0.3948526154
       -0.1800292097         0.7960496500         0.1546116402
       -0.1818719604         0.3735248045         0.0463356104
       -0.0639685449         0.5411706776         0.1357111922
        0.5092147675         0.4147757815         0.0708447034
       -0.1093457994         0.2776236058         0.3344061316
        0.0952263560         0.3820008538         0.6072765929
        0.2747001822        -0.0241897616        -0.1832487519
       -0.3566684647         0.5709661872        -0.1883628195
       -0.2613511162         0.0587936972         0.5288760518
        0.6105427065         0.0092506874        -0.1311894775
        0.1346279566         0.5721350726         0.1734918015
       -0.0152592179        -0.0582875439         0.1844024941
       -0.0444303098        -0.0663798730         0.2647482431
        0.2055167824         0.1961077564         0.0540392254
        0.1029975443         0.7968151289        -0.0148599401
       -0.0663117784         0.4767882435         0.5055748834
        0.1135414350         0.8580940024         0.5767518720
        0.3035497442         0.2703711215         0.5954013703
       -0.0847052918         0.0793237735         0.1768903409
        0.4132528670         0.1537318356         0.3565506027
        0.5324125297         0.7167360877         0.2786230666
        0.2192877581         0.1281125399        -0.1920313893
       -0.2374518515         0.6957135189         0.6803850073
        0.1996734018         0.4577384513         0.2519048059
        0.3105875642         0.8551617644         0.2326270250
        0.0336909499         0.3554240297         0.7095076920
        0.1098589652         0.7081029236         0.7258559730
        0.2570502387         0.7029549220         0.6467231515
        0.3673275719         0.3998862092         0.1832650186
        0.2068958190        -0.0829304652         0.5195153438
       -0.1698502247         0.6391556659         0.3361588065
        0.2803926935         0.3155573063         0.4270422907
       -0.3474155343         0.4271233810         0.6683797313
        0.2557175359         0.7224355370         0.2836980714
        0.4333648667         0.5186918771         0.0619315562
        0.5692790497         0.7832688189         0.7035349463
        0.4614517758         0.7037562573         0.3330390212
        0.2833517919         0.8311213190        -0.1250654454
        0.6156320672         0.8480974576         0.0609396591
        0.0402652072         0.7411998344         0.0328221405
       -0.3158906298         0.5025193512         0.5215113206
        0.0374430470        -0.0635528264         0.3534294525
       -0.0214986803         0.7336823347         0.1409111957
       -0.2367401790         0.3405275366         0.2661658263
        0.3018039553         0.7180785269         0.7270063314
        0.2990370118         0.1340815389         0.0225792517
        0.4964864750         0.0407514504         0.5433587649
       -0.3463184955         0.2508000378         0.4524767168
        0.4768394036         0.4170642414         0.3972686011
        0.4064712766         0.2480285736         0.5637557189
        0.5228209224         0.4602672390         0.4780879547
       -0.0943001751        -0.0411313878         0.0431060806
        0.5611930932         0.7191911838        -0.0547237825
       -0.0095566494         0.2096234246         0.0171346147
        0.2127815808         0.6966843461         0.7330508531
        0.0356845004         0.1113067856        -0.1936488676
        0.5315370369         0.7840611374         0.1356127485
        0.5466442873         0.4746505689        -0.1117042038
        0.3638598247         0.4176956336         0.5433062478
        0.3668973562         0.4597248306         0.2605673438
       -0.3585871018         0.2520292892         0.2636996469
        0.4702262381         0.5896171757         0.1261247692
        0.5117525964         0.5988254132        -0.0641073888
        0.3792559730         0.7180859091         0.2562995964
        0.5499825534        -0.0267609788         0.6925768739
       -0.0308103333         0.6497945504         0.2002160428
        0.0687736138         0.2686558262        -0.0151810769
        0.3219892655         0.4217515232         0.7026790983
        0.4048480326         0.7939574181         0.1203806351
       -0.2997686338         0.0163615826        -0.1656356918
        0.4164220422         0.3763009206         0.5118701668
       -0.2015673983         0.3810696535         0.1817124713
        0.0875212706         0.3242386135        -0.1333899131
        0.0059709455         0.5690713439        -0.2287307430
        0.2612076800         0.5115630048         0.1707341994
        0.0363585097         0.1164535212         0.3894687623
       -0.2611100322         0.5349631889        -0.1939052442
        0.0998787091        -0.0169269730         0.2399091797
       -0.2676480040         0.8618332869        -0.1539892647
       -0.0390429135         0.4579955769         0.6690228932
       -0.0974464202         0.5846844001         0.1897792312
        0.1476382027         0.2273738671         0.4791350135
       -0.3161586997         0.2921394949         0.6664553920
        0.1309391158         0.5763559855         0.2115432546
       -0.2396183712         0.7445203984         0.4227908967
       -0.1322725096         0.0218790726        -0.0042642032
       -0.0124198857         0.1827633875         0.7026488194
        0.3179533882        -0.1121156329         0.4706456231
       -0.2867329277         0.6999048316         0.3544415768
        0.5986211820         0.2961315684        -0.0305087845
        0.4028627858        -0.0286290922         0.6756975949
        0.0097929079         0.6627091132         0.5564571513
        0.1453038752         0.4251285513         0.5846580976
        0.5607675488         0.2106631485         0.4846979525
       -0.2939711180        -0.0420004842         0.0436303459
        0.5164806119        -0.0560834634         0.5636986572
       -0.2035930297         0.8698703954         0.5195547276
        0.3619510944         0.0257527401         0.1285576309
        0.5185682547         0.7408889868         0.5238708745
        0.2482563823         0.2544523949         0.5553180791
        0.4131228655         0.1935205306         0.4996171592
       -0.0533164129         0.0399194582         0.2262726556
        0.0722912330         0.5852007338         0.1075172883
        0.2573588041         0.8222466942        -0.0088032740
        0.3383761564         0.0197222741        -0.1529738742
        0.4427567168         0.0685208978        -0.0432179924
        0.1054153347         0.0126652263         0.2061712873
        0.0103871441         0.3819826067        -0.2407254774
        0.6055347805        -0.0240449557         0.5080111641
        0.1499885943         0.0048904983         0.5594608641
        0.2678262848         0.4948767207         0.2267222125
        0.1928039558         0.0004254062        -0.2321019546
       -0.1967617958         0.6155949873        -0.1136610508
       -0.1096960744         0.8156279788         0.6335027627
        0.4308468173         0.3892487189         0.0538067417
        0.4069427042         0.7577117760         0.2144592210
        0.3942157143         0.6886408500        -0.0054348160
        0.1593886637         0.1257838781         0.3707791606
       -0.0470206600         0.8266070843         0.4405132754
       -0.1901169703         0.2565581372         0.6666089794
       -0.3128779147         0.8533137228         0.6798205058
       -0.1415436853         0.2376939932         0.2058876136
       -0.1895667684        -0.0848499455        -0.1473381638
       -0.2690958616         0.1143826575         0.5016621371
       -0.1492341602         0.3909611748        -0.1140392811
        0.0208243918         0.2305979684        -0.0572934952
       -0.0685497973        -0.1063148752         0.3636644370
        0.2280740483         0.0816882865         0.4850074798
       -0.3335287506         0.4163543680         0.1889917855
        0.2168916190         0.2102297868         0.5554886630
        0.1763894913         0.0402358013        -0.1494414476
        0.1885462671        -0.0488849801         0.7359963563
       -0.1393910419         0.3799623749        -0.0099398996
       -0.3572447829         0.8480245658        -0.0296570462
       -0.1259692185         0.0579795944         0.2181120603
       -0.0563215914         0.6661646964         0.2473786466
       -0.1568016690         0.8555615371        -0.2284522606
        0.2401371232         0.5260922600         0.6864819606
        0.1718019027         0.3625807720         0.1885601175
        0.1588637344         0.1871320381        -0.0391028619
        0.4651338524         0.8337079540         0.7277049091
        0.4461483365         0.2550282930         0.3994020303
        0.1236835981        -0.0537358127         0.4040336252
        0.1400176601         0.7912511240         0.0352516678
       -0.1501733669         0.0940806556         0.4577339573
       -0.1312554347         0.7719771402         0.4280819522
        0.2576089866        -0.0946417375         0.3872856692
        0.5662821915         0.1632986317         0.4086684636
        0.1058293433        -0.0695491877        -0.1872345695
        0.5095560259         0.0589912879         0.0095589200
        0.0835305530         0.1302745909         0.0753071778
        0.5833833291         0.1700820033         0.5392051043
        0.4026796613         0.2494955173         0.6128941519
       -0.0786252839         0.6900933299         0.6004071331
       -0.2584897946         0.4547343882         0.1423800034
       -0.2857935484         0.5238602811        -0.0585092023
        0.4708182026         0.5182392222         0.2359552778
       -0.2979044550         0.0202314838        -0.1864254525
        0.1403049716         0.4428047905        -0.1584571645
       -0.1621042316         0.7980047193         0.3771209028
       -0.2449740372         0.2730119491         0.1666982695
        0.2253275558         0.1623176868         0.0337159418
        0.1405748269         0.0316187212        -0.2133608107
        0.4449613223         0.0337284108        -0.1920626566
       -0.3019849532         0.2016655596         0.6163337998
       -0.0103180225         0.2431797492         0.2201619684
       -0.0470135611         0.1241458814         0.0987173425
        0.1488304802         0.5092125933         0.2722614256
        0.0711675630         0.1596637082         0.6116766512
       -0.3638497634         0.3320690194         0.4927952038
       -0.1167134717         0.3382335153         0.5079373843
       -0.3158282661         0.1562449592         0.1298148585
        0.1888849269         0.0995678087         0.5413638172
       -0.2139860258         0.3718194896         0.6917250520
       -0.0174899738         0.0895124420         0.2316433520
       -0.3130955314         0.4656961715         0.7273604693
       -0.1454587239         0.2970030777         0.2403231183
        0.3903530983         0.1655227206         0.3990647346
        0.4261841353         0.2152159989        -0.1486108880
       -0.0106975419         0.3877445388         0.1109386298
       -0.2712195791         0.6311408583         0.6656814678
       -0.0534733321         0.3365201357         0.3034258514
        0.4440815260         0.6455125511         0.2024541341
        0.6028660861         0.8637033786        -0.2136066631
        0.6046894154         0.0339503133         0.1212568470
       -0.0538685906         0.5728068713         0.1195803712
       -0.3695928528         0.8561600816         0.1861427374
       -0.1192231960         0.2957856347        -0.1909254902
       -0.2599838308        -0.0323148222        -0.2065999625
        0.0281655542         0.0188097822         0.1074244018
       -0.0016832966         0.2317862210         0.1575004467
        0.0119566110         0.7763874024         0.1623437962
        0.3550316719         0.2841351844         0.6644271276
        0.6038378318        -0.0757255568         0.1344117143
        0.6056882254         0.1475818194        -0.1618793151
       -0.0472732023         0.4553484389         0.1435355881
        0.4354395202         0.2750522489        -0.1291719427
        0.0931586403         0.4665962625        -0.2187136337
        0.5720404280         0.0444588480        -0.0249765122
        0.0625904173         0.6028519868         0.2859155076
        0.1289662305         0.6908016095         0.0889929215
        0.1371898728        -0.0328410193         0.0097218125
        0.0516153334         0.0964909064         0.2676239271
        0.5773983364        -0.0130548767        -0.2111014662
       -0.0126260656         0.1322564903        -0.0399415893
        0.1211212029        -0.1172410907         0.5548782037
        0.2283084570         0.0056713961         0.2258190773
       -0.3382405160         0.4392559914         0.7067291823
       -0.1768486152         0.3992208714        -0.1182547483
        0.4627368579         0.0685834171         0.3068152825
        0.1827222255         0.6654312853         0.1782579265
        0.2993487452         0.6523684460        -0.1566318406
        0.1387542028         0.4312858879         0.6689575573
        0.4716241428         0.3465096892         0.4140265055
        0.2408853007         0.1329033234        -0.2432426948
        0.1933421063         0.2401541027        -0.0384989426
        0.0258212699        -0.0683831371         0.5051473870
        0.5104676659         0.0500824781        -0.0456585197
        0.0077283981        -0.1145457053        -0.1701188553
        0.3694968473         0.0509554591        -0.0078881239
        0.4252595307         0.4572525106        -0.1076010825
        0.5893994208         0.1670795055        -0.2046130219
       -0.1163222918        -0.1237393655         0.1016488653
        0.4968311849         0.3044090516        -0.0824690812
        0.3969396812         0.3520818134         0.1763792821
        0.6225996220         0.2339138315         0.0715360552
        0.5751705889         0.0849135807        -0.1669633145
        0.3800546970         0.1360532805         0.6425287731
       -0.1445830104         0.1972921650        -0.0729555875
        0.5410608324         0.6650278272         0.1458654178
       -0.1767896181         0.0511413348         0.1081926652
       -0.1322326641        -0.0244987661         0.3522325522
        0.0378774947         0.3517205972         0.1903053416
       -0.1242033576         0.1805084594         0.3005212234
        0.4088279091         0.1855385428        -0.0897733218
        0.0689209387         0.7655440203        -0.0535608313
        0.3648157377         0.3430680829         0.3635316052
        0.1471844752         0.7620068521         0.3248827391
        0.1481560703         0.6198201277         0.2745356897
       -0.2711395887        -0.1157178348         0.6517132205
       -0.0577748628         0.5968272220        -0.0009143630
        0.4692636589        -0.0529683164         0.0509945938
       -0.0501335477         0.3130814458        -0.0112991722
        0.5890253507         0.2105006554         0.0727628840
       -0.1899052995        -0.1250663873         0.3788126998
       -0.1158962870         0.1138443878        -0.2247057661
       -0.1767304788         0.1943812522         0.6197503392
       -0.2688883047         0.1412225342         0.1494156550
        0.3317086999         0.6113157944         0.4767138130
        0.0227951776         0.5923733929         0.4913882371
       -0.0415517717         0.2293395771         0.0052689274
        0.2986428351         0.2024103789        -0.0514042761
       -0.2180566704         0.2296683341         0.5185759944
        0.3067199173         0.6392175537         0.2142971150
        0.3971371923         0.0959267054         0.6313929783
       -0.3252515386         0.1924738432         0.6383723669
       -0.3604756699         0.0368890602        -0.1976176805
        0.5784035655         0.8536110866         0.6298961453
        0.3814929030         0.8609361514        -0.0534376984
        0.1462409952         0.3672865320        -0.2205109889
        0.6138193220         0.7080843953         0.3302990112
       -0.3433653605         0.5970126642         0.3959644002
       -0.2750781850         0.0246910294         0.0269752465
       -0.0031294907         0.0913352851         0.1386761401
        0.5175675690         0.3208611833         0.4699368513
       -0.1768154213         0.0454653356        -0.1635908465
       -0.2115170540         0.4449601641         0.0146518650
        0.0873962929         0.4943952528        -0.0355140051
       -0.2875849104         0.6317561213         0.2323781012
       -0.1806807920         0.1202914028         0.2639744900
        0.5947137476         0.7452797904        -0.0381958485
        0.3310130015        -0.0958341038         0.6237609076
        0.0471978086         0.2389513453        -0.1296241000
        0.1418298649         0.3518815959        -0.1485044425
        0.4385395449         0.4138318264        -0.1545539044
        0.5037967890        -0.0280288173         0.6419647176
       -0.0039829197         0.6786685752         0.1733377482
        0.6173803948         0.5192016809         0.7256235115
        0.2439636609         0.3526429401         0.1975290208
       -0.2259767555         0.1534041175        -0.1541468234
       -0.3438549276         0.3429110202        -0.0354358409
       -0.1421026051         0.8153721544         0.5057848368
       -0.2035856519         0.1084902385         0.1248390812
        0.1590371287         0.1079308486         0.0030048500
       -0.3265928551         0.2126743826         0.0134524890
        0.4476312960         0.5851551207         0.0100727942
       -0.2755567101         0.8287274797         0.6260730634
       -0.0016540375         0.0630833072         0.6178549595
        0.2844857434         0.1485175723         0.2229520685
       -0.0716208587         0.8055421915         0.3740501366
        0.2451906305         0.4259901418        -0.0620941868
       -0.3389336765         0.0973038981        -0.1043722659
       -0.0710983619         0.7470567472         0.2094330653
        0.3637728960         0.8661835505         0.3488076088
        0.4989172937         0.3267687561         0.4739004704
       -0.0577454356         0.0498341063        -0.0048899755
       -0.0405717625        -0.0919099498         0.7245805326
       -0.1114336124         0.4285803002         0.1479080784
        0.4656405387         0.1991006794         0.6282806672
       -0.1414254089         0.6623141064         0.3861344447
        0.4890267948         0.1515238303         0.5635795331
        0.2664536675         0.2787216073        -0.2270857220
       -0.0426975770         0.6452065988         0.0228136045
        0.4544913934         0.3910272169         0.5201831946
       -0.3438530312         0.4544059101         0.0484833969
        0.6233197404         0.6284389632         0.1271913109
        0.4542412539         0.5429503748         0.1645454477
        0.4005968711         0.7165247955        -0.1690205113
        0.1809270424         0.4270562254        -0.0629477084
       -0.1542078888         0.8234553073         0.3122569545
        0.6033633434         0.8019701849        -0.1115959207
       -0.1358088769         0.8575131054         0.4011910263
        0.1113320357         0.2479564405        -0.1197385486
        0.2438078597         0.4827858095         0.7417128824
        0.4495100971         0.3473757877         0.4869202973
       -0.1357017047         0.3048024708        -0.2055616696
        0.3092888001         0.1463660452         0.1923707866
        0.3769127178        -0.0387866495         0.4083301344
       -0.0425327553        -0.0391781601         0.5156397793
       -0.0741747877         0.4374373783        -0.1179409807
        0.4773586925         0.1171721377         0.1034760772
       -0.0115883824         0.7479917447         0.3299499661
        0.0498119608         0.3276255087         0.2569039702
       -0.2990342890         0.5236768226         0.5463575127
       -0.0257725408         0.6173269938         0.3113146863
       -0.2305929635         0.6644015906         0.1427941290
        0.0777629368         0.3608206335         0.6244655951
       -0.2082075151         0.0528858854         0.7046547987
       -0.0034621192         0.2338039832         0.3064410550
       -0.1368123772         0.8261858680         0.6466430745
        0.0079964405         0.1638537973        -0.0862793893
       -0.1217857304        -0.0069867506        -0.0857237421
        0.4850826105         0.3533442598         0.5230259582
       -0.1652907518         0.6519212437        -0.0276171870
        0.2119388085         0.7473741487         0.3852092283
        0.1621428902         0.0863065981        -0.1244461809
        0.3352761227         0.5699295666         0.1134580964
        0.0092228497         0.1085306358        -0.1605048057
       -0.2006993937         0.5490389934         0.6070415051
       -0.1277003651         0.7296907403         0.7493674507
       -0.0894311813        -0.0134982636         0.0267988225
        0.3505640102         0.1186951870        -0.2068468222
       -0.1186293125        -0.1150817344         0.4011319493
       -0.1657509607         0.2297384327         0.5483828841
        0.0340755629         0.0535021700        -0.1167585435
        0.0368521294        -0.0869782823        -0.2123500055
        0.0413634753         0.1457786271        -0.0404918314
        0.1873045467         0.6103795421         0.3264798742
        0.5614123238         0.2928956330         0.5642341622
       -0.3614271137         0.3766245404         0.2545167644
        0.2587145426         0.3718490693         0.5720508423
       -0.2180183886         0.3423112442        -0.2145217005
       -0.1218810146         0.3253875122         0.6576248954
        0.1267963737        -0.0791359641        -0.0038342391
       -0.0529290401         0.8476382144         0.2571996175
        0.0195285609         0.7384217719         0.6626765591
        0.4192034974         0.6214120505         0.4022018138
        0.0339177074         0.7842698560         0.7434707941
       -0.0023120149        -0.0786937615         0.3186247775
        0.5357207826         0.8473203499        -0.1425585614
        0.0802698512         0.2023285569         0.1789327209
        0.5943510056         0.7301662384        -0.2312696981
       -0.3526109179         0.2456407561         0.0952461848
       -0.2217154704         0.3065207399         0.6920422013
        0.5336212414         0.4362676354         0.4230356557
       -0.3214103911        -0.0592375272         0.5016574408
       -0.2390119186         0.0469277575         0.3597660016
       -0.2469467997         0.2834856216         0.3291932144
       -0.0404939996         0.0854941207        -0.0247363535
        0.4249161721        -0.0624233142         0.5454600158
        0.3713265227         0.2147856662         0.5986561975
       -0.2539833246         0.7205828652         0.6872030918
       -0.3607908909         0.7081741911         0.5943105494
        0.1846241355         0.2073633617         0.4894085662
        0.3886222411         0.7318550146         0.1518108262
       -0.3709681574         0.5497940270         0.4537849716
       -0.0254066822         0.5822908991         0.2808046048
        0.2471943154         0.6928509600         0.2996798092
        0.5565899249         0.0802591538         0.3086919403
        0.4595587631         0.1522378566         0.0096415710
        0.4665986816         0.0836601026         0.3432714337
       -0.2846152528         0.5060095350         0.5108545898
       -0.3206933576         0.8319408954        -0.1884030174
       -0.0531042120         0.2084297488         0.4838381158
        0.1999894580        -0.0286798042        -0.0946485493
        0.5795344190         0.5352110512         0.6080906792
       -0.2896474414        -0.0956202135        -0.2416244580
        0.4903400186         0.2241874022         0.3578724273
       -0.1653700934         0.5458341690         0.0361198413
       -0.1188459891         0.6045556131         0.3927313692
        0.2740530717         0.6167362833         0.0947388705
        0.6189696941         0.3016995850         0.1748829378
        0.4945865561         0.3029911791         0.6830369790
       -0.3429452748         0.5890544688         0.2666773863
        0.3479186754         0.4859729967         0.5898079845
        0.5688703767         0.7394035635        -0.1145336665
        0.4234020656         0.2544039959         0.4916920470
        0.3790225750        -0.0987557214        -0.1804529290
        0.3223097805         0.8344728943        -0.2465773765
        0.2278425822        -0.0760087254        -0.1166340764
       -0.3621783431         0.0844142588         0.7424682701
        0.3957556008         0.2251364803         0.2657932116
       -0.0122637711         0.5555933761         0.5144779685
       -0.1314875468         0.8203215097         0.1842225024
       -0.2891452545         0.2469825477         0.5297583405
       -0.1599207662         0.2239575832        -0.0543820987
       -0.3199135008         0.5202033377        -0.0092756993
       -0.0667378804         0.5060673439         0.7345817634
        0.5910741055         0.5220959517         0.6303817120
       -0.2108264460         0.2388044520         0.0248458174
        0.1045099946         0.7878539323         0.3215848863
        0.0415085754         0.5809518979        -0.1524430751
       -0.1797357421         0.0569844943         0.5908759951
        0.4938394563         0.1748437598         0.0878181872
       -0.0133517106        -0.0984464130        -0.0015805140
        0.4923258555        -0.0154818892        -0.1267921101
       -0.2661990963         0.0852827310        -0.0547673155
        0.0929983610         0.1289736824        -0.0788773675
        0.2262199143         0.8339292870        -0.1312112665
        0.2352598402         0.0388034769         0.2582032083
       -0.2057669683         0.0871776941         0.4702599680
        0.0171321067         0.8589664861         0.7362857601
        0.2091986081        -0.0235655103         0.0524763152
       -0.2975162306         0.1970163830         0.1316745686
        0.4256018953         0.5198109009         0.2921095041
        0.1699818439         0.1681833975         0.6688490449
        0.0895713589         0.2675072749         0.6417202646
        0.3133413006         0.7037108691        -0.0083772920
        0.4344493321         0.5910407351        -0.2185690242
       -0.2670348683         0.0420599121        -0.0513572587
       -0.3498818144         0.6431247842        -0.2069371614
        0.0142402338         0.1333561656         0.5225461639
        0.4357581716         0.6610762362         0.4007463861
       -0.2706794078         0.3207926086         0.1371298563
        0.1485704889         0.0053589408         0.3755351572
        0.0796519244         0.1804069133        -0.0946041947
        0.2393301137         0.1325660884         0.1076798591
       -0.3357878592         0.8166463317         0.4709037987
        0.3881984840         0.5959634614         0.0003613614
        0.3637277588         0.8098802731         0.5012568281
        0.0268870390         0.6625260577         0.2673603670
        0.0362520122         0.1024756829         0.0174781981
        0.3168747632         0.3608829540         0.0184168002
       -0.3633636007         0.1872212448         0.5984824439
       -0.3133860300         0.4721259716         0.2285713256
        0.0615403471         0.0813673759        -0.2225639537
        0.5796678830         0.5731951195         0.1632459403
        0.2634826370         0.1265904144         0.6815608072
        0.6040050472         0.8562874919         0.3124186972
        0.0651057793         0.2325423869         0.5309703396
        0.2349306264         0.4610213722        -0.2432413195
        0.2856418260         0.2997682887         0.1017045096
       -0.2341462573         0.2264103081         0.3870886247
        0.5751990553         0.1285996329         0.4455238047
        0.4898022469         0.4010913611         0.3477222189
        0.1118382274         0.5825484824        -0.1112223905
        0.5334322675         0.1675394141         0.2895113943
        0.3284589391         0.4075376454         0.2606574180
        0.5280362511        -0.0169824809         0.2712745962
        0.1192331871         0.3378075276         0.5027916881
        0.2161344677         0.6577093800         0.6008108877
        0.4749302705         0.3906612008        -0.1211573042
       -0.3405633565         0.0176664661        -0.1728144028
       -0.0470902450         0.5075941999         0.6846687456
        0.5213378759         0.8741789580         0.7296852447
       -0.0735548721         0.8480819740         0.1337575936
        0.0166346649         0.5677198394         0.5465343022
       -0.1178361197         0.4722438506         0.7306855024
       -0.0617583247         0.0087828546         0.0107010213
       -0.3145756732         0.6982332140         0.0399671104
        0.1653650731         0.1154454423         0.2179271540
       -0.2702945631         0.3957147661        -0.2403558923
        0.0138321315         0.2335171214        -0.0086215073
        0.3201381831         0.6816604359         0.4976854214
        0.3537467964         0.6530859582         0.0770153974
       -0.0628412486         0.0208225117         0.4866826506
        0.4417964543         0.5022926351        -0.0008494985
        0.2871408628         0.0057715763        -0.0589582974
        0.3323120866         0.4811121934        -0.1369189624
        0.1683177143         0.6716799841         0.7232754382
       -0.1951878892         0.0928815557        -0.1367588848
        0.4915166682         0.0848329974        -0.2049395846
       -0.3164187862         0.7347747687         0.3230347705
       -0.2686998482         0.5933733141         0.1558923430
        0.5292705486         0.1701013247         0.4392368478
        0.0695591577         0.5838186645        -0.0074155359
        0.3738164523         0.8515286750         0.0243031429
        0.4895097085         0.8161209779         0.4048594978
        0.4322011621         0.3198574205        -0.0538722843
        0.2048085693         0.0170562294         0.1755178784
        0.0390107679         0.4043627485         0.3371209443
        0.1756087417         0.4631350889         0.3804085856
        0.3960196181        -0.1021448215         0.4833622321
       -0.2303715690         0.2205315361         0.0218147958
        0.5087740601         0.2968459861         0.6091872037
        0.2492563182         0.3149928980         0.1833102892
       -0.2998948411         0.1302774701         0.3437582306
        0.6109289060         0.2085255318         0.6987066806
       -0.0386815382         0.1054212862         0.3970544396
        0.3492977629         0.4173887991         0.5953805393
        0.5786469538         0.7556677252         0.0829828049
        0.2269533305        -0.0171098336        -0.0076203546
       -0.2789875945         0.8479823523         0.0809240615
        0.3238993319         0.0196899788         0.6363283634
       -0.0737203116         0.5257615973         0.2425690645
        0.4759666972         0.0684589360        -0.0658816613
        0.5171884484         0.0991835147         0.2505296685
        0.1326672221         0.7609053144         0.1954671486
       -0.1881783520        -0.0017485859        -0.1304520550
       -0.0147060361         0.6302228780        -0.1657752487
        0.4311824072        -0.0192204080         0.5517849184
       -0.1848494989         0.3332543429         0.7021791571
       -0.3250249001         0.2887754832         0.0865887355
        0.4126906926         0.4726129326         0.6628756090
       -0.0281228366         0.5251158858        -0.1409352535
       -0.2101199143         0.6069111586         0.0615826936
        0.5918115813         0.5801393392         0.6231300099
        0.4526021835        -0.1193555679         0.3712831984
        0.4709836704         0.2233143839         0.6841135869
       -0.1699291253         0.2546498180         0.2593723834
        0.5534383725         0.6498047756        -0.2383594015
        0.3864201085         0.5168829037         0.6490494100
       -0.3169961056         0.1668670114         0.6300657199
        0.5017362746         0.8262597152         0.6631403547
        0.3668939995         0.5038697066         0.5240595017
        0.4327356814         0.1287205548         0.5130623098
       -0.0907145207         0.8396238079        -0.2267920647
        0.1882419877         0.2731599672         0.1098367318
        0.6104242115         0.7757137281         0.5780608334
        0.5040325607         0.1039431993         0.1856812030
       -0.3459866584         0.5506059364         0.2892169190
       -0.0260657330         0.4396805607        -0.1518342520
        0.2726413942        -0.1030491112        -0.1024293171
        0.6231843911         0.3750677165         0.0329354752
        0.4160335334         0.0508874093         0.5939004844
 
