-1.268899646237080742e+04
-3.527308673014717442e+03
6.748579837624864922e+03
-2.042302645991796453e+03
8.877646557161097007e+01
5.710433712753442705e+03
-2.257394384032158996e+03
-9.265921147391076374e+03
-1.652041344795029363e+04
-1.715126230514805138e+04
1.333238221268533380e+04
1.529265123910820876e+04
2.761327900749572109e+03
2.152923791698471541e+04
-3.444601523205389640e+03
1.295044854422630124e+04
-3.951074072615308978e+03
2.081895596325406927e+01
-8.479905488393238556e+03
-1.199672874888155093e+03
-9.874841964451450622e+03
5.880453452701818605e+03
3.105064503823709856e+03
-5.503556317150239011e+03
-3.923287673338854802e+02
-2.958766090759758299e+03
1.432086909454275656e+03
9.023241995115640748e+02
1.030931669885405199e+03
2.232447687286705695e+04
-1.056018479003369794e+04
-1.235920893227216766e+02
1.137277969963878422e+04
3.924634340367266122e+04
1.292379334935697443e+03
1.235232105424355177e+04
1.009373117833311881e+04
1.490103784515234292e+04
-1.047034691321323407e+04
1.115825574853962644e+04
2.460307199150829547e+02
9.908049678722878525e+03
4.615378054988309486e+03
1.582693166623582874e+04
6.003323539169598007e+03
-2.157344085933485530e+03
-3.531254882843117684e+03
4.770192612688171721e+03
-3.413408804090141075e+03
-2.539157112114166375e+04
-1.171600953435315569e+04
-2.204869907454398344e+04
6.203113486318407013e+02
6.932141494445309945e+03
4.217796396882632735e+02
-5.898428707028566350e+03
-2.104301664738309046e+04
1.321111342933103515e+04
-9.739347062359573101e+03
1.558811707285839839e+04
-2.495740792510558822e+04
-3.210430919793909197e+03
7.709808585855718775e+03
7.685409581739708301e+03
-1.290312559549620710e+04
-1.626571773970892355e+04
-1.768055491683727450e+04
9.560195565612391874e+03
8.328459349430962902e+03
-1.205144350577848854e+03
7.054871916923472781e+03
-1.896823985062322390e+04
-8.008742093300428678e+03
-1.122487214355092328e+04
-2.719494359335905301e+03
6.816749183442570029e+03
3.318524939230054770e+03
-7.644001977554755285e+03
-9.732280745926702366e+03
1.346236302408599840e+03
6.105171896491580810e+03
-1.498533327213862140e+04
2.435095252667427849e+04
-8.215932223294626056e+02
2.531805578649926247e+04
-2.094373435052701097e+03
-7.598690483418069562e+03
-3.690147962599166021e+03
-4.696722951135163385e+03
1.081613245408484545e+03
1.495724439916918709e+04
1.729225492466172682e+03
-4.988154316016183657e+03
3.210040618148387694e+03
2.096132115617749878e+04
-1.913517498023409280e+04
-8.612314115807761482e+03
-1.751703484067537647e+04
2.860898139304377310e+03
2.798306507497955863e+03
1.631360375440126700e+04
1.089708409023372587e+04
8.363488582985286484e+03
2.069706228976794955e+04
-1.661155154914809464e+04
-9.826920073177192535e+03
-1.534538063436226730e+04
-1.343453811002700240e+04
2.360473433195683901e+04
-1.384091984750643132e+04
-3.005733981136718285e+03
-9.809605010314850006e+03
-8.126656537543065497e+03
-1.505872341764720841e+04
-4.789297528065711958e+03
-1.615995623770869315e+03
-2.035209257386900845e+03
2.951335389173822114e+04
8.929494071000817712e+03
1.570913073621055810e+04
-9.617363948597116178e+03
-9.483709720395334443e+03
-1.029724356345461092e+04
-8.766336292091426003e+03
1.163731812308650478e+04
1.699789024966721627e+04
-5.188016087645144580e+03
1.817485875018857405e+04
8.076860051163092066e+03
2.025369303934219715e+04
2.608770897834247080e+03
3.108040394101353741e+02
-6.979587265046335233e+03
4.420502883426292101e+03
-5.107053107861087483e+04
6.469676834406373928e+03
3.043114089530490673e+03
-1.168071068229012553e+03
-1.049454090538200217e+04
-7.867732108185152356e+03
-1.294876294633723228e+04
2.007756024299024602e+03
-1.795931605991171637e+03
1.042402956069471475e+04
-9.668335782134072360e+03
-2.523368335508431119e+04
1.892617728976261333e+03
-1.214853809652341261e+04
-8.618683304118034357e+03
2.793645285005678488e+03
1.396108150300553825e+04
-2.139798043241818232e+04
5.899984077949732637e+03
1.480450046979303261e+04
-7.203619659386221429e+03
1.512915568380567947e+03
-1.811763212221371941e+04
1.629508505348614926e+04
7.102515473079710318e+03
-9.804499730240821009e+03
1.464683420406744335e+04
-2.215879428328125505e+04
1.114420666444369454e+04
3.423300289529671772e+03
1.566018565592269806e+04
-1.747580740361954304e+04
-1.377006998584424764e+04
1.030135561392567251e+04
-1.976353251283151621e+04
1.357547162807302266e+04
-3.137361339926720120e+03
7.629379253338116541e+03
-4.768418516700194232e+02
-2.700017150771602246e+04
4.004232453002597140e+03
-3.989457678995271181e+03
2.623576580111871408e+03
-9.782765591698800563e+03
-1.955705913236458582e+04
1.877843389095906969e+04
-1.809966372881424468e+04
-4.745039398040338710e+03
1.812082357616648369e+04
4.196542135312097344e+03
1.225994802745388006e+04
1.870922934746116425e+03
1.347909192160722341e+04
-1.520212276440268397e+03
-9.442535974970403913e+03
-1.088857449948779504e+04
8.538852664867084968e+03
-3.379854208805085364e+04
-2.295463631103996704e+03
-9.145288258119440798e+03
-8.722609558193729754e+03
-1.302484519908962830e+04
4.566533041549828340e+03
1.579897382219161227e+04
-1.489977386781049972e+04
8.616626690241217148e+03
-8.294181630480628883e+03
-1.526408461058500689e+04
1.408424823544870014e+04
-7.170043706656377253e+03
-3.379843088097929012e+03
-4.425758521228574864e+03
-1.629140896129007524e+04
-1.159993842782128195e+04
2.240688958550019015e+04
-1.635392334188230052e+04
-2.364007378306224928e+04
2.756830203207353861e+03
3.770017472191246725e+03
2.165143324248207500e+04
1.690825915007144067e+04
1.347721697386956657e+04
-1.054728243470539564e+04
2.528670043267522487e+04
1.335085685442799877e+04
2.337629742244139925e+04
7.486044583075522496e+03
2.025298428426805185e+04
-1.213178912219749509e+04
-2.777796388299140381e+04
2.371026011844149934e+02
-5.781629126137100684e+03
-7.474622567754558986e+03
-5.487240040091205628e+03
1.463829108390629335e+04
1.696699576991259892e+04
-5.081104633637957704e+03
-1.431503162837202763e+04
-1.296474227242303277e+04
-2.851626661186659931e+03
6.238556761162129987e+03
1.977525778299614467e+04
1.773028034439840485e+04
-6.805718222716765013e+03
-7.928920033489783236e+03
4.225662303679652723e+03
4.691672043863183717e+03
2.253363337953579321e+04
2.998999232388933706e+03
-6.747932117618177472e+03
-2.320098003640875686e+04
1.753218205113427393e+04
1.123896177795829135e+04
-5.175246795194302649e+02
4.981600344951125408e+02
-7.395328569010751380e+03
-1.205215431020055803e+04
9.625273788284572220e+03
-1.014893158400932407e+04
5.235144178500809176e+03
1.099382101648070966e+04
9.421799329681731251e+03
-2.954251045926364441e+02
1.403532762265153724e+04
-2.553081199384665524e+04
-7.789791531649911121e+03
9.268454415448059081e+03
-1.297723810924759891e+04
-4.209259962519031433e+03
-2.338466512563998549e+03
-5.779725335869851733e+03
4.718140147785499039e+02
1.357469051932766888e+04
3.811035479558310726e+03
3.970625373028337890e+03
-1.451545052101664623e+04
-6.472902111381385112e+03
5.487717646934881486e+03
1.236260101139923790e+04
1.384641215226399800e+04
1.826642985898190091e+04
1.491665718890414792e+04
-1.534330201473024135e+04
6.891244642797581037e+03
-1.357387657537265477e+04
-1.732908431359509450e+03
2.672988642094233001e+03
-1.405116760454163887e+04
-1.968208043480038759e+04
6.435682853432442244e+03
4.009875064108893184e+03
-4.407360004068829585e+04
-2.104748833110415035e+03
-3.054205730855873071e+02
1.339081524608805739e+04
4.030093168288784454e+03
1.729525924773275619e+03
4.910905449745173428e+02
2.363174075640506271e+04
1.060059837586922367e+04
1.608914955874605403e+04
9.445931818138837116e+03
-1.848724046360203283e+04
1.412806464217061148e+03
-1.826665526615395356e+04
-1.797123107657348010e+04
4.935997521452099136e+03
-1.857846895977847907e+03
1.707951842872240377e+04
-1.753998196216146243e+04
-2.763816395449749052e+03
-9.905718275552275372e+03
2.197789244118560600e+04
-4.661408740632500667e+03
-1.621166229082515747e+04
5.925903591468506420e+03
-2.330796557038386163e+04
-4.746618215445017995e+03
-1.288860163343737440e+04
7.362610265678087671e+03
1.044532775366473106e+04
-7.459293911462445976e+03
-1.452098705980546129e+03
1.827357384072283457e+04
-4.015732101147942558e+03
-1.085538374312000815e+04
2.409577986320112905e+04
-2.283732753622586642e+03
5.375564208123101707e+03
4.851554179161204047e+03
5.264461122084961971e+03
-8.187324077322467929e+03
3.010838326763895384e+04
2.563604514593451313e+04
-8.198625350459326000e+03
9.315520144358421021e+03
2.167301562578511948e+03
1.024270587325718225e+02
-9.357687206500202592e+03
6.052218020284851264e+03
6.051621692635462750e+03
9.268660803034092169e+03
2.549145414924995748e+03
6.700413603816954492e+03
6.240980750644202999e+03
-1.051700709529929190e+04
2.733515007350339602e+03
1.530485223457946813e+04
-8.088221704783350106e+02
5.225557869378797477e+03
