 3D1     Ewald 
 1  0.0  1.0E-12  1
        9.7058164316         9.7338747400        12.2261285127
  113.2410   113.1967    90.3675
12
Li           0.3747174000         0.1228980200         0.7462956800    1.000  0  0
Li           0.6252826000         0.8771019800         0.2537043200    1.000  0  0
Y            0.1245757900         0.3745110000         0.2494134100    3.000  0  0
Y            0.8754242100         0.6254890000         0.7505865900    3.000  0  0
F            0.4586400700         0.7638208000         0.5869553500   -1.000  0  0
F            0.2643159300         0.6321515500         0.0881555800   -1.000  0  0
F            0.8709832100         0.6766149700         0.4123660600   -1.000  0  0
F            0.8233158900         0.9559992100         0.0882493300   -1.000  0  0
F            0.5413599300         0.2361792000         0.4130446500   -1.000  0  0
F            0.1290167900         0.3233850300         0.5876339400   -1.000  0  0
F            0.1766841100         0.0440007900         0.9117506700   -1.000  0  0
F            0.7356840700         0.3678484500         0.9118444200   -1.000  0  0
800
        0.1795529545         0.2042714963         0.3733165946
       -0.1484854183         0.7388958642        -0.2463847199
        0.6229521739         0.4079033667         0.2674823753
        0.0395082356         0.3476165831         0.6980609943
        0.1716234733         0.7876357595         0.6964940958
        0.5058779582         0.0599632861         0.1553374787
       -0.3215757768         0.0486703338         0.5309697792
       -0.0775900967         0.1350332647         0.1667457152
        0.2137234440        -0.0022242528         0.6116660334
       -0.0979299345        -0.0370064520        -0.2163460713
       -0.3311875778         0.2707070269         0.2375775198
        0.2161023263         0.7577616217         0.7102293752
       -0.2954415201         0.6533282458         0.3403533432
       -0.0892927091         0.4264837736         0.0309676292
        0.4996092562         0.6417826759         0.3880783492
        0.2893214888         0.0443603205        -0.1668436708
        0.2367715108         0.6113529859        -0.0470149933
        0.5181732357         0.0683378422         0.7387533489
       -0.0311507884         0.1963057441         0.5686231305
       -0.1563103338         0.5810861231         0.5153480254
        0.2060374655         0.6818318179         0.3061036020
       -0.0499828636         0.0529148314         0.0196236910
       -0.0878289151         0.3058991591         0.2344136317
        0.3780272727        -0.0113813611         0.1728130378
       -0.3380424807         0.6931183202         0.6696214894
        0.4125778816         0.8017948561         0.1105142623
       -0.0906042264         0.8406113373         0.0138445976
        0.1536913596         0.7203278134        -0.1859986021
        0.3330555546         0.5649076057         0.3657671952
        0.6179887110         0.6388211835        -0.1336643385
       -0.3060826736         0.0222491305         0.0873374982
        0.5297757553         0.7920190958         0.2067817365
       -0.2350295524         0.0302657258         0.6054884999
        0.0155942133        -0.0684083023        -0.0997054779
        0.4687439530         0.0297436813         0.6777672751
        0.1720347764         0.2820324942        -0.0798286327
        0.4002739167         0.3005155276         0.6874590473
       -0.3330385757         0.4666385520         0.2677774170
        0.0079766348         0.5211764666         0.5613367400
        0.2015320889         0.0065083095         0.5855059043
        0.3435022090         0.8264935524         0.1927433097
        0.2820504261        -0.0719814447         0.7059880622
        0.5686770659         0.8419582062         0.4934803990
        0.4130590235         0.3178171815         0.3997638497
        0.5592355942         0.2266349367         0.5766780493
       -0.0578564295         0.0151536649        -0.0335653647
        0.1179067547         0.4259296249         0.0895285712
        0.2407672586         0.6186738642        -0.1463937821
       -0.0658929836         0.1647975196         0.2143312857
        0.2136953352         0.6180783434         0.3277101957
       -0.3524474946         0.1239506051         0.4321120681
       -0.3471861742         0.6507144122         0.6746886900
       -0.1763029201         0.5488223924         0.4601295931
        0.3378311108         0.4940263353         0.0874120409
       -0.3277277363         0.8290789361         0.1133679689
       -0.1214741631        -0.1231812918         0.7417288641
       -0.0840750548         0.5973944379        -0.1049197541
        0.1530986371         0.1995877562        -0.0277477679
        0.0481550650         0.0455432888         0.1518141938
        0.4694854947         0.5741885926         0.5985667958
        0.1649113574         0.0608674501         0.5834110624
       -0.3260314909         0.7432322297         0.1613808370
        0.0428143598        -0.0087463316         0.0463202790
        0.4639714966         0.4983645858        -0.0672807114
        0.2508714333         0.8714365721        -0.1014973577
       -0.0806118631         0.1802901967        -0.1738344007
       -0.0970930685         0.6266009263         0.6674891725
        0.2285318433         0.1054200725         0.5844429770
        0.4868070958         0.5744206314        -0.0702410063
        0.2464431064         0.4178963390         0.1892506545
       -0.0260525539         0.5823447692         0.3548431187
        0.1907444584        -0.0734694410         0.0601204325
        0.3309279813         0.5832155776         0.1205762926
       -0.3214846564         0.6193595493         0.5974083426
       -0.3693434758         0.5124724143         0.5712596112
        0.2616292277         0.6792691504        -0.0901725867
       -0.1462732595         0.4715072143         0.7295359731
       -0.2940083236         0.0442377652        -0.0918529037
       -0.0665101332         0.8649584073         0.3599728281
        0.2227194883         0.3077763661         0.1460712562
       -0.2692784583         0.0894718071        -0.1402497753
        0.5269218311         0.1741626947         0.5540463647
        0.3813087726        -0.0308808986         0.4135629938
        0.5072486061         0.6371314831         0.2257927914
        0.1916467807         0.5697174175         0.0964822711
       -0.2213899015         0.3266002441         0.0099427130
        0.1692898372         0.3675759483        -0.1276469551
        0.3068841709         0.0444964372         0.1625107626
        0.3491346212         0.5546155056         0.0822983236
       -0.1977052754         0.3137253128         0.5193316788
       -0.0320667636         0.4061048937        -0.0286550552
        0.5782582809         0.7238078687         0.4426624336
        0.2019836776         0.5662361931         0.5363106855
        0.2828549155         0.3483462840        -0.0514178669
        0.5382727812         0.1648094623        -0.0040175178
       -0.1851967986         0.4774180657        -0.0450193985
        0.4598533352         0.1218027118         0.1298323083
        0.5590441269         0.3334356870         0.6706122507
        0.1490936654         0.2523357762         0.7175804442
       -0.0671139206         0.3846880480         0.6863661058
        0.1999218845         0.0044111234         0.1040537324
       -0.2423393840         0.2108647155         0.5439729120
        0.1792333435         0.6831806035        -0.0186865453
        0.3650652983        -0.0943055652         0.3528068854
        0.3047289814         0.1048705721        -0.2490578800
       -0.1049989460         0.4943470193         0.5127261602
       -0.0038340649         0.3138621850         0.0845397330
       -0.2367711537         0.2045488663        -0.0692574329
       -0.1133259291         0.0506682144        -0.1477850156
        0.0574732663         0.7499733969        -0.0132672877
        0.2342378603         0.0312603607         0.2510020343
        0.0982783901         0.5873335174         0.2271473978
        0.1145583180         0.8177179025         0.0624667088
       -0.0234370010         0.5307615492         0.6344443760
        0.5052130790         0.2610652806         0.7120987184
        0.0330350956         0.7891511996         0.3364997456
        0.3260724796         0.4383897279        -0.2489237626
        0.2468470304         0.7274906592         0.1552655340
       -0.0450265586        -0.0180858798         0.3805751666
       -0.1529986807         0.6199646246         0.2895538921
        0.5400523653         0.5474637707        -0.2391489809
        0.4881917276         0.2241988301         0.4109508867
        0.4417129525         0.4435462875        -0.2165996829
        0.5143704170         0.4888926517         0.5007354395
        0.3684124475         0.7554712402         0.3953342179
       -0.3010195044         0.0091340706        -0.0918463902
        0.0395270014         0.1819603708         0.2930448979
        0.0999750026         0.7244806125         0.3902305854
        0.3980153431         0.6694098229         0.6435704509
       -0.0745194613         0.1568667924         0.3725117875
        0.5854777452        -0.1199668066        -0.0258212311
       -0.0354793252         0.7889144905         0.0302246965
        0.0476178178         0.5743093307         0.0701938302
        0.5304166814         0.0741105269        -0.1913832758
        0.1281318420         0.6738705217         0.5935287645
        0.1996337665         0.2859015235         0.0074052914
        0.2871656936        -0.0076620414         0.1607532919
        0.4632223602         0.4511041111         0.0747806641
        0.3546073036         0.1920166586         0.5875958991
       -0.1139007591         0.6237332167         0.1691123711
        0.0862259725         0.1877869941        -0.0310687930
        0.2759399317         0.2258225483         0.4877954092
        0.2657439086         0.3109259322         0.3050646590
        0.2678810171         0.7816341490         0.0312507855
       -0.2255726994         0.7497789685         0.6466943003
        0.5685097876        -0.0350973388         0.1119065943
        0.2604178186         0.6775875741         0.0232502550
        0.1882026888         0.1175866218         0.1865771378
        0.3605451050         0.1536131585         0.1135622267
        0.5223105101         0.0182933146         0.5656216906
        0.0729956975         0.6959887589         0.1628781476
       -0.3024971816        -0.0302375683         0.3066887339
        0.0700850205         0.4008150507        -0.0537117222
       -0.2179405911         0.3952681976         0.6805067933
       -0.3080459017         0.2184431074         0.4576909173
       -0.1778099712         0.0664223332         0.3699922417
        0.3043126786        -0.1039385368         0.1506486110
        0.0093936428         0.0273770326         0.2147525239
        0.0579864561         0.5440278618         0.6796442919
        0.5968468770         0.5124232445         0.6033077963
        0.1740181158         0.6109620821         0.0932432733
       -0.2679000180         0.1696343438         0.2299225054
        0.2920266997        -0.0403477138        -0.0580683592
        0.3876554170         0.4255555678         0.0707742172
        0.2977405891         0.3874147758         0.6866395739
        0.4798054627         0.7266719740         0.3017278294
        0.4704611975         0.3211603766        -0.1497808633
        0.4085918639         0.8095638239         0.1824643204
       -0.2444946748         0.1620666863        -0.0520315255
        0.0556836547         0.3548787996         0.5946424871
       -0.0530179582         0.7738235417         0.4938614627
       -0.2963321448         0.2098506180         0.6719517973
        0.4373058159         0.3889290736         0.5808882474
        0.4612651034        -0.0463727840         0.2109437728
       -0.1083466757         0.7510215480         0.6194553623
        0.1442853115         0.5980615771        -0.0195643705
       -0.0114027333        -0.1231710535         0.2958168435
        0.4987006272         0.3244609633         0.0994508507
       -0.3264017323         0.2672800575        -0.0218748108
        0.3353468824         0.8343089340        -0.1263243856
       -0.3119180610         0.0939050305         0.2086454157
        0.5804733590         0.5705456651         0.3370525398
        0.3938884930         0.0402434828        -0.1637711389
       -0.1782065553         0.6465643471         0.7245868060
       -0.0549725677         0.1709946040         0.4087011377
        0.4205891618         0.0438643233         0.5492074386
        0.1717721068         0.5387256092         0.4422570529
        0.5774684305         0.5328334585         0.0652177466
       -0.1511659894         0.1442123653        -0.2044597989
        0.6163646978         0.3023629168         0.4142755208
        0.0240630102        -0.0393419053         0.0169584410
        0.2817672170         0.6384542550         0.4595606898
        0.2012133086        -0.0666928525         0.5949977662
        0.0604298498         0.0112888362         0.5690015275
        0.3376650588         0.7786163653         0.3488138422
        0.0555610767         0.6461235698        -0.1131371353
        0.2444903418         0.4827768233         0.0928221239
        0.1774668026         0.5944471630        -0.0089959311
        0.0473881709         0.0535972595         0.7084852494
        0.2546647150         0.5680880484         0.5642002407
        0.0715059652         0.5322925066         0.3010351714
       -0.1611373788         0.5062123906         0.2530798213
        0.0046835743         0.8334666533         0.5107749739
        0.3716287739         0.6386205829        -0.0373354034
        0.5712507329         0.5127506936         0.0425877646
        0.5030497367         0.7747482311         0.1829775223
        0.3403306803         0.6706594206         0.4837305854
       -0.1030390377         0.5539717912        -0.0101714221
        0.5425023373         0.4953270466         0.3874945268
       -0.2489759588         0.8158196079        -0.1263938826
       -0.2186482627         0.4168036394         0.1958871886
        0.5997896551         0.8038033736         0.1637854556
        0.4911366114         0.1619060741         0.0816353760
        0.3278218461         0.5933809511        -0.2403345731
        0.2477046672        -0.0281365400         0.7398787540
        0.1027191014         0.5973056444        -0.1094478185
        0.3319832102         0.7956536538         0.6664923691
        0.4496115190         0.6443655165         0.2739815790
       -0.0626705284         0.5309553294         0.6838866017
        0.0811063644         0.6999207061        -0.1298587339
       -0.1206925880         0.4219595023         0.2878589829
        0.3007581509         0.2291205385         0.5424781151
        0.5294467114         0.5187849028        -0.0092366470
        0.3546212234         0.0043926784         0.0415072757
        0.0525627579         0.6931319524         0.2928223609
       -0.1366079193         0.4576726618         0.1367063006
        0.3961252283        -0.0030918056        -0.2395863710
        0.0738311905        -0.0544374519         0.4083629444
       -0.0573036977         0.6228181015        -0.1387838448
        0.4731930116         0.8529618718        -0.1480277628
       -0.3434390403         0.2695562037         0.2555853025
       -0.2027931490         0.7203204267         0.6059853761
        0.1181067675         0.3156077600        -0.0260863762
        0.2355684662         0.1732961539         0.3140934606
        0.0030209273         0.6060847395         0.6831678686
        0.0584952356         0.4231812320         0.2898255238
       -0.2473989425         0.6284146457         0.1356924115
       -0.1127661270         0.1550440635        -0.2077747438
        0.0180585112         0.6155154559         0.5182072205
        0.2946414697         0.1986076578         0.2000059423
        0.4185757644         0.0342974913         0.4615976641
        0.4249035417         0.6116309591         0.7049176728
       -0.0841141525        -0.0980640369         0.2214934685
        0.2679135800         0.4967016267         0.3344467702
        0.5578549119         0.2534575979         0.0073468655
        0.4883330283         0.6556633467         0.3816647496
        0.5217073205        -0.0190924986         0.7037862390
        0.2285655394         0.1079112875         0.6615973060
        0.5753876804         0.5752566608         0.5412110769
       -0.1160307467         0.8545892769         0.4343442961
        0.0518402608         0.7044254391        -0.0580122533
        0.2208853019         0.7353031789         0.2871904752
       -0.3594432881         0.8444087808         0.4106944446
        0.3054085010         0.5445139597         0.4501795315
       -0.0883851154         0.8506860758         0.4139749727
       -0.3518625646        -0.0657634506         0.6106691399
        0.4322247771         0.2239236754         0.5154391081
        0.5908659570         0.5942032644         0.3264416809
        0.0132849539         0.7032270752         0.1281543882
       -0.0005514804         0.5905683779         0.5778489980
       -0.0467739833         0.7760541490         0.3070152623
        0.1428549453         0.4440545482        -0.0502043503
        0.4702065661         0.1613356377         0.2717408203
       -0.0734688063        -0.1098067585         0.5266388155
        0.4046768997        -0.0979325981         0.5594869458
        0.1223577140         0.7471546077         0.3497098182
        0.1028067513         0.0275595168         0.1402559481
        0.3539548758         0.1771552476         0.2441138064
       -0.2085419597         0.5671349761         0.2873331082
        0.0920808169         0.2362481133         0.1176849005
        0.1647074814         0.3262884406         0.2418864351
       -0.2598285285         0.8373530319         0.7348613879
       -0.2828224253        -0.0485385685         0.6567682790
        0.4250109725         0.8544894926         0.1047541516
       -0.0389416031         0.0368125016         0.3832048892
       -0.1923107403         0.2228452680        -0.0562277410
        0.0123202657         0.5760803173         0.6187756434
        0.3474596513         0.2889038476         0.4798593091
        0.5217426252         0.1064431288         0.0005035847
        0.1666698505         0.1226483115         0.3727971394
        0.5019414794         0.1563068236         0.0292847096
       -0.0723949267         0.4924988093        -0.0692366892
        0.4767776178         0.1877003466        -0.1404757628
       -0.1558739722         0.1028004789         0.0046034224
        0.4290106674        -0.0614290833         0.2645451202
       -0.0433206181         0.7676766507         0.4392733159
        0.6237452611         0.1736729390         0.0332287487
        0.0069872006         0.5701089645         0.2138189570
       -0.1851766760         0.2009257459         0.0414986501
        0.3402344875         0.5469783954         0.4316834641
        0.1687187472         0.8528377248         0.3238466024
        0.2927815103         0.5519694259         0.3735749032
        0.3589717430         0.2602441359         0.5511704699
        0.1864370897         0.1740971122         0.0008770701
        0.1978767987        -0.0246556593         0.5504416688
       -0.1073962580        -0.0821592935         0.5388744116
        0.4715037163         0.3713609555         0.0036222536
        0.4917558040        -0.1100323499         0.2017443469
        0.0763496015         0.3237522221        -0.1993467694
       -0.1325459021        -0.0698546000         0.1973710407
        0.2254297353         0.4343490177         0.4699040575
        0.2932166522         0.4790130478         0.1225619378
        0.0400449052         0.8715587673         0.6349682766
        0.5503694614         0.5637728129         0.5129711588
        0.5628957901         0.0362442834         0.6563722438
        0.4593660495         0.1052885247         0.0598583333
        0.1956479756         0.8572320378        -0.2337629395
        0.2568019101         0.3539746976         0.5314547001
       -0.3158278089         0.0024426170         0.6479987042
        0.5444721001         0.0239354483         0.7031899262
        0.0750365140         0.7774366124         0.4286509982
        0.5803104110         0.6756753637         0.2048538203
        0.5886027906         0.3757092970         0.6315676699
       -0.1694351288         0.7988018447         0.1227025616
        0.0466128206         0.1214922203         0.3321090056
       -0.0692643837         0.6141674454        -0.0574240621
        0.2790595908         0.4077748981         0.0426336038
        0.4795597068        -0.0773644903         0.6829097067
       -0.2693462369         0.1328489878        -0.2078351865
        0.3928423075         0.2467756024         0.5209918464
       -0.1883518693         0.2550193991        -0.1286232673
        0.1151038946         0.8578174155         0.1562445604
        0.2365089491         0.1416966985         0.6166079781
        0.0270032330         0.3658497023         0.3322448225
        0.0517489939         0.3335492421         0.1170290766
        0.3860964407         0.8319888105         0.1123563521
        0.2916365676         0.6861577105         0.7163678197
        0.3106678014         0.1486890356        -0.0478818823
        0.5250712412         0.1005960724        -0.1853016418
       -0.2157233446         0.5322874772         0.2680272316
        0.3304296478         0.2630805056         0.4630972634
        0.5761831707         0.6663196585        -0.0647164481
       -0.2551322414         0.7550008281         0.3884026667
        0.5972505447         0.1215040489         0.2852190968
        0.3535104152        -0.0115873325         0.6724425980
        0.3786528787         0.4038221173         0.0269096598
        0.1383826334         0.6370993218         0.5045163856
        0.3101163957         0.0109246897         0.2581482949
        0.6060372021         0.2148829758         0.6147985680
        0.2637077808         0.5673385475         0.3107752384
       -0.0804102298         0.7280666728         0.5964419726
        0.5900520161         0.6282032599         0.2939717850
       -0.3359559798         0.4755058272         0.7254830607
       -0.3353366199         0.5647498296         0.5853078817
        0.3543268434        -0.0810248579         0.4324333005
       -0.2263231386         0.3855231103         0.3314987451
        0.2697450958         0.2830639715         0.5653734214
        0.0650127064         0.6310000041         0.1890099951
        0.3707579651         0.0457261306         0.4639699201
       -0.2628281545         0.2045800824         0.1220535063
        0.5571404054         0.1663898263         0.1294356626
        0.3283163171         0.0665671718        -0.2204043027
        0.5207804593         0.6845590850         0.2148971728
        0.0250329391         0.8524933691        -0.2209212900
       -0.2483722173         0.5855020330         0.0332835387
       -0.3118156974         0.1640813928         0.4468479581
        0.3919920249         0.3656388980         0.0222552188
       -0.3628597111         0.7843247883         0.1178392810
        0.3635946229         0.5243776070        -0.0496824916
        0.5890921107         0.0192916676        -0.1292301821
        0.1383678594         0.4381269939        -0.0338719672
        0.2231756164         0.8281355934         0.3036490187
       -0.2484395361         0.2800007645         0.4386295613
        0.4886908114         0.8499328322         0.5416792089
        0.1233617128         0.1057327225        -0.1783052811
        0.3491777685        -0.1135727448         0.4476667640
       -0.0065474327         0.5033095631         0.6397484822
       -0.0126453092         0.3068655981        -0.1590078508
        0.1257165108         0.3824446280        -0.1786989911
       -0.0132461083        -0.0447341148        -0.2049598879
        0.5962002854         0.2552244559         0.1936767940
        0.2799531006         0.7835634156        -0.1618097733
        0.0035835077         0.6154921265        -0.2078256516
       -0.0847417856         0.6791840774         0.6421020304
       -0.2025184266         0.0981298301         0.3091510201
       -0.0296120958         0.0076637206         0.0031075691
       -0.2143029643         0.2364512125         0.2477077938
       -0.2174445258         0.8459454392         0.2809583192
        0.0392971323         0.2424852244        -0.2001907547
        0.0412348541         0.0618794210         0.2920769499
        0.4613081278         0.2040304109         0.3052354572
       -0.2105931757         0.2988601379         0.5699704707
        0.1627477040         0.3765883801         0.0382060202
       -0.3609463094         0.7181974244        -0.0879842833
       -0.0575297199         0.0409618852         0.4856344097
        0.5043735259         0.1630166690        -0.2031996339
        0.3965119280        -0.0118788009         0.4110927197
        0.5305826514         0.8697192043         0.5684763346
       -0.1311280428         0.5486492100         0.5122034793
        0.2039340675         0.0761683420         0.6738571208
       -0.0367251252         0.1520968290        -0.0217504700
        0.4572784314         0.0146891574         0.0063442194
       -0.1331296037        -0.0562525162         0.5916658139
        0.0072523818         0.8070519359         0.2182427521
       -0.2141917820         0.4883526180         0.5140295340
        0.0695501480         0.6091419084        -0.1806511383
        0.2535865616        -0.0777857490        -0.0384244488
       -0.1937576714         0.7396187129         0.5625354046
       -0.0774294705         0.2037708260         0.7346067884
       -0.2135270965         0.0861211447         0.4555939865
       -0.1929400163         0.8193279201         0.0244386296
        0.0443370780         0.1565302337         0.5907864717
        0.3348313186         0.7078639925         0.1748304414
       -0.1595574399         0.7204400463        -0.0439304945
        0.1279939876         0.4440354029         0.6415859633
       -0.1940756942         0.5570325181        -0.1364739013
       -0.0149740650         0.0283040172         0.6358090931
        0.0378278636         0.6602323149        -0.2442634576
        0.0159324851        -0.0357750223         0.6849919541
        0.2706763348         0.1469651941         0.6322109660
        0.5591322462         0.4410654344         0.4391852142
        0.4728241444         0.4105352058         0.5968709239
        0.4228467015         0.7239372458         0.3861315045
        0.0584231369         0.7466504304         0.1223007847
        0.6075999195         0.1281992380         0.7348381393
        0.5570253079         0.0422063727         0.5139119609
        0.0825923974         0.0562361378         0.5859711356
        0.5690438282         0.6875126586         0.5368018444
        0.0830332868         0.5733121765         0.4854399907
        0.2731283051         0.2671859980         0.1609154974
       -0.2214267812         0.6405221085        -0.2351695675
       -0.2876636130         0.8673504966         0.3568076100
        0.3416269337         0.5642927321         0.5001127253
       -0.2088262107         0.1468199168         0.6574849445
        0.1710512912        -0.0115515747         0.3593506045
       -0.3016933068         0.3066676069         0.4891085328
        0.5650238980         0.0936058050         0.3477596399
        0.4833210618         0.7519157366         0.7019420739
        0.4471849197         0.7095521361         0.1767424587
        0.0994865222         0.6097618707         0.4162312699
        0.0345199524         0.1787297729         0.2253263870
       -0.1085716117         0.1206355547         0.4418426570
        0.5475298373         0.3568498125         0.7067362155
       -0.3556407795        -0.1056593842         0.5688546729
       -0.2126226769         0.2690271701         0.2346333037
        0.6042441826         0.4460660151         0.2452821153
       -0.3385691234         0.4058934002         0.5294935179
       -0.1219991723         0.4547668910        -0.1898691944
        0.2011306360         0.1709472543        -0.1389118532
        0.4785463288         0.0290273915        -0.0925502048
        0.3828914034         0.7035901031         0.2196369472
       -0.0846774489         0.6056555769         0.6728229937
       -0.2651532750         0.7482829684         0.4044187503
        0.2269126284         0.0877115802         0.3067282897
        0.4568067615         0.6438241635         0.6349916204
        0.4878048228         0.5326603213        -0.1732729839
        0.1448905203         0.5649208890        -0.1617929938
       -0.1359945064         0.8717461875         0.4722701892
        0.0699397871         0.1245040132         0.6759727092
       -0.3211157533         0.3269097576        -0.1135443507
        0.0104391069         0.7597874664        -0.0454913613
        0.2345692528         0.4408946475         0.7341437899
        0.2725077403         0.4143711267         0.5673429524
        0.4503258798         0.2600799114         0.3125216672
       -0.1949817579         0.6648739139        -0.1665358775
        0.4256760093         0.0354330870        -0.1899727508
       -0.3323130842         0.6777986415         0.4639174834
       -0.0415450257         0.0297063276         0.0570052787
        0.5033749630         0.5380694484         0.0803632376
        0.3183892206         0.0859570383         0.4661506772
        0.2877448088        -0.0540261566         0.0434565200
       -0.0913064038         0.4275753749         0.2787971990
        0.0256375748         0.2099102683         0.5781118778
        0.1427086366         0.7976010183         0.3857506705
       -0.0021559600         0.0447521830         0.2348277691
        0.5975285873         0.1356237912         0.0153122612
        0.4066866175         0.6911123591         0.1693928819
       -0.2915728853         0.0286290672        -0.1314581104
        0.0937953692         0.1829082421         0.1348705652
        0.2731240243         0.0771055612         0.3888012299
        0.4316211713         0.6672440073         0.1567302550
       -0.0995226583        -0.0143855406        -0.0910399282
        0.2497608645         0.5597375633         0.0682401745
       -0.2815300628         0.6633986603         0.3243795190
       -0.2122639511         0.1296276892         0.0923808828
        0.3804121469         0.2762062218         0.3226481699
        0.0002696585         0.4977741120         0.4376603636
        0.4373968020         0.5345537954         0.5446440162
        0.5719049331        -0.1185254560         0.2825774977
        0.1702015837         0.7688197897         0.0674203229
       -0.0477099838        -0.0154752521         0.0927119335
        0.2024349455         0.4143618902         0.1062001337
        0.4631978503         0.3544780764         0.1877724930
        0.1074252102         0.0377376024         0.1983391598
       -0.0254181198         0.0943709703         0.0300552439
        0.3872877486         0.3251552042        -0.0863307025
        0.2642533335         0.5922427486         0.3479249609
       -0.1523550108         0.6128219203        -0.1450183240
        0.0681287925         0.8435458923         0.4892087474
        0.5950166207         0.4741546913        -0.0094819656
        0.3245235010        -0.0010622113        -0.1488297909
        0.1894269064         0.4950092082        -0.2027121606
       -0.3209809104         0.8176653662         0.4658489615
        0.0236375172         0.0852164063         0.2392161810
        0.6106458486         0.4550065632         0.6953810567
       -0.0187339994         0.4623507517        -0.0142797665
        0.4712249834         0.2583924771         0.2079251406
       -0.0767348629         0.2425308557         0.4446778079
        0.5912546693         0.1004133418         0.5281746177
       -0.0367353235         0.7645153070        -0.2125538948
        0.0692999157         0.0087933354        -0.0861261941
       -0.0287026103         0.0857221537         0.4483773967
        0.0205119230         0.1970000160         0.2662301050
        0.4294736028         0.8673334648         0.2978679619
       -0.1303750347         0.2828996067         0.6430986734
        0.3596264485         0.1632710397         0.0978128042
        0.2122681032         0.0850376905         0.6067494899
       -0.0317899678         0.4655255938         0.3819514006
        0.1495731420         0.5073319208        -0.0356606302
        0.1554092852         0.3449599710         0.6158454060
        0.3199669939         0.1481524031         0.2387284044
        0.4493365560         0.4346763661         0.6380654900
       -0.0671540822        -0.0940291889        -0.1628217472
        0.5183255365         0.6878752389         0.1616281798
       -0.3197510483         0.0991501784        -0.2054280279
       -0.0569370016         0.6576774277         0.6576094302
       -0.0096639153         0.5945003932         0.4140446203
        0.3611094517         0.5144571325         0.6883678733
       -0.2563787634         0.2881489284         0.1689019640
        0.1229296767         0.2311282548        -0.2255013309
        0.1288849045        -0.0023199874        -0.1287230379
        0.5844620673         0.8496560979         0.1536081449
        0.4866007933         0.1191394503         0.2341379046
        0.5079247163        -0.0675530980         0.6989689643
        0.0282069898         0.7999037866         0.1586587231
        0.4801179130        -0.0881098530         0.6358465879
        0.2711804958         0.0076171683         0.4624666393
        0.0251699265        -0.0799317689         0.3934582588
        0.2723018015         0.4856044644         0.3995994504
       -0.0713277488         0.5466691907         0.1754425468
        0.5042328326         0.6019777569         0.6205785705
       -0.1260627541        -0.0549361809         0.0038494558
       -0.0351035917         0.3658825566         0.3994957265
        0.3553648526         0.0438550147        -0.0667166386
        0.0602303623         0.8216922201         0.3659125036
        0.3517815999        -0.1205291095         0.6570407356
        0.4857464497         0.4514045774         0.3068898342
        0.4288749249         0.3261403211         0.2338719570
        0.0487366671         0.6015029968         0.6567291104
       -0.2776995533         0.2064454520         0.1693709483
        0.2507874484         0.3261397900         0.2960534444
        0.1282504630         0.0198585650         0.4631631120
        0.1706693636         0.1823697840         0.1843015607
        0.3891579723         0.2588356088        -0.1340487891
       -0.1826700370        -0.0631991481         0.1408267391
        0.2116765819         0.1272951926         0.0437840487
       -0.0627955090        -0.0494207048         0.5111993986
        0.2023740353         0.4356426044        -0.1272257422
        0.2769314839        -0.1213651130         0.4327848870
       -0.1652497334         0.4691189695        -0.1443260827
        0.1872805152         0.7673550870         0.1822165299
       -0.3115264576         0.1654927478         0.5455588249
        0.2103787050         0.0828704795        -0.1461045056
       -0.2908899705         0.1048666417         0.4069652331
        0.4684099882         0.3151921446         0.2760934016
        0.4029892114         0.3341879357         0.1567713874
        0.5860959930         0.1724911611         0.2638469410
       -0.3436514451         0.0692818263         0.6650169860
       -0.2892993335         0.8533400752         0.2794000542
        0.0745289186         0.0767580896         0.4304830957
        0.0856209486         0.8649165926        -0.1550166189
        0.2289757532         0.6377558448        -0.2143568851
        0.4469717316         0.8641836208        -0.1843464043
       -0.0641857350        -0.0371434082         0.0932940418
        0.0222923929         0.0527969963         0.5618522594
       -0.0198697969         0.2742018015        -0.1525573257
        0.0466800557         0.8183602907         0.7210954485
        0.3094442788         0.2221641070        -0.1499968677
        0.2617899576         0.4302722007         0.5564315237
        0.1710192313         0.1928659600         0.4909466716
       -0.1318140852         0.8657410591         0.5229200773
        0.0033772109         0.1736124620         0.3092336040
        0.4005123566         0.4500774428         0.5870826062
       -0.2755381790         0.1952828254         0.6052698155
        0.0773422006         0.2906225373         0.2686688608
       -0.3284051347         0.6097281254         0.7025647927
        0.1713887655         0.1299087726         0.0657247684
        0.4369010264         0.7714341366        -0.0638058256
        0.2227134285         0.5237515705         0.2037483863
       -0.0731865819         0.7873756933         0.3253387571
       -0.1822327048         0.5209614149         0.6395851137
        0.3693094884         0.2617878153         0.0272790793
       -0.1048225028        -0.0274805693         0.6808057743
        0.3348171043         0.6451704654        -0.1564816713
        0.2847546999         0.0933424202         0.1945901937
        0.2842692666         0.8039393383         0.5248601986
       -0.2023894953         0.8386634213        -0.0363423868
       -0.0046705462         0.4460426463         0.4817541768
        0.3105237479         0.6014915153        -0.1102739009
        0.5934208158         0.6482402458        -0.0961282125
        0.6029980077         0.0332221298         0.7051363475
       -0.2237910576         0.0857222236        -0.1000579357
       -0.1905985363        -0.0285849996         0.5233663330
        0.0985186814         0.5855192021         0.4290944125
        0.3217582534         0.0146470212         0.6290779283
        0.6102287325         0.2907858700        -0.2096068177
       -0.2737091224         0.3547241274         0.3998530840
       -0.1379978848         0.6986248208         0.6230404207
        0.1112487938         0.5847951482        -0.1267131368
        0.4163533916         0.3086780221         0.0181833771
        0.5176821086         0.8624760144         0.2726613658
       -0.3251067636         0.5969346734         0.6608319207
        0.6110336611         0.1139741314         0.3081718453
        0.1020787512         0.4940085501         0.4951781627
       -0.3003942192         0.2132966428         0.0904376997
        0.0573539597         0.4723570166        -0.1259728738
        0.4929846977         0.2243668141         0.2777326255
        0.3553035726         0.4455814600         0.5141571338
       -0.2545785072         0.2660876415         0.4980612458
       -0.2915729765         0.6944589204        -0.2473644681
       -0.3285635722         0.7746446930         0.5691504814
        0.5915780951         0.1607187760         0.6527709828
        0.6236728332         0.7011733696        -0.2287452071
        0.6150113006         0.2742871339        -0.0153467830
       -0.3116526811         0.2031757343         0.1920909879
        0.2351236744         0.1938505914         0.1671176059
       -0.3173229550         0.5054522798        -0.2446557513
       -0.2889679980         0.4227236124         0.3271983404
        0.1855879651         0.7033139741         0.2899630894
       -0.1895539332         0.5424177210         0.5971601922
        0.5242287133         0.7400904846        -0.2247291680
       -0.0424542576         0.4701551235         0.1466642680
        0.4099348191         0.2944337706         0.2137275586
        0.1938230892         0.6032251249         0.6979898475
       -0.3575939172         0.4180877053        -0.1353244079
       -0.3348935052         0.7126333899         0.1406143626
        0.1929813598         0.6728365127        -0.0698377840
        0.3121359787         0.6128166229        -0.1493236447
        0.5440630967         0.1469557706         0.2738776434
        0.0220040204         0.6299292679        -0.2375929415
        0.5103899184         0.2592042122         0.2072631527
        0.0952248417         0.6200375362         0.6125993560
        0.5211786844        -0.0100630682         0.5766401525
       -0.3633863217         0.7266723189         0.4341665062
        0.6145045830         0.1941761075         0.4132833191
       -0.0135239232         0.3444939904         0.4292707363
        0.1992465727         0.1656893845         0.3738208423
       -0.3158932639         0.5789098816         0.1242263253
        0.2207952575         0.7499079309         0.5223272681
        0.2003047373         0.5139940876        -0.0851254295
       -0.0320534271         0.1434652349         0.4623219131
        0.2389371333         0.3335174523         0.3215346906
       -0.1563548707         0.1882960828         0.3514318562
        0.2694645036         0.3841535370        -0.1405946172
        0.1928173995         0.2373268527         0.6614115488
        0.5897085247         0.1997342820         0.5810894003
        0.2101569365         0.2096056138        -0.1240536338
        0.5668569305        -0.0412170808         0.2372296973
        0.3232673085         0.3583897848        -0.1718841474
        0.2878476203         0.3068688665         0.6235519231
       -0.2473571589         0.5165002135         0.2940694792
       -0.2174014965         0.3589392586         0.3339295996
       -0.1483100062        -0.1222327866         0.3428310787
       -0.1318863669         0.0947861825         0.3609207892
        0.6018909301         0.6921572122         0.2997754496
        0.4610045666        -0.0418666953         0.7384422593
        0.0551113450         0.7592771324        -0.1455776680
        0.3862962808        -0.0712075341         0.1407574569
       -0.0897200715         0.7903268779         0.4091814096
        0.3209935941         0.5759575631         0.6375909827
       -0.0009449448         0.6606949000         0.6913784055
       -0.0556841452         0.4532268726         0.0719137046
        0.2125081884         0.6387660179         0.6742848050
       -0.3704408362         0.7010737452        -0.1792635909
        0.5616030111         0.5250866623         0.2390735471
        0.4500294262         0.7702208770         0.6099344010
        0.1267290861         0.2126276709        -0.0030136035
        0.6107664447         0.1644199973        -0.0331060413
        0.2566921783        -0.0857407753         0.7163640535
        0.6085215241         0.4601068004         0.5895587094
       -0.1556357137         0.5467172264        -0.2279219556
       -0.0443193273         0.8325351703         0.1129112960
       -0.1704747484         0.8493032540        -0.1764295470
       -0.0807327850         0.4867187974         0.0370134324
       -0.2464372568         0.5145647136         0.7202171709
        0.0708263789         0.6770097904         0.4750379454
        0.6223019664        -0.0992758751         0.6920947103
        0.2783800058         0.1068946108         0.1082082887
        0.0134930450         0.8314918117         0.2219428335
        0.3682833892        -0.0266519302         0.2950812168
        0.5589257076         0.1281178297        -0.0822168867
       -0.3597961574         0.5728430443         0.6513530547
       -0.1866520110         0.2203782040        -0.1349553819
        0.6029888429        -0.0272374962         0.0798318638
       -0.0899281508         0.4987651310         0.3222135508
       -0.2875188374         0.7384040637         0.3084208167
        0.2090655473         0.7964620764         0.3084730380
        0.0121191562         0.8650691175         0.5614640370
        0.0647010040         0.5148389064         0.3278815726
        0.0023583526         0.0424562602         0.1823437300
        0.0209455065         0.1724083132        -0.1173823052
        0.5916916552         0.1499934876        -0.2359642532
        0.5082697173         0.3763490944         0.2221978946
        0.2284978895         0.0088459621         0.1540894145
       -0.2565275082         0.5193828337         0.4818269387
        0.5759035292        -0.0199551977         0.4708306216
        0.0883888358         0.1169959881         0.4410362953
       -0.1111079244         0.2991362634        -0.1738334410
        0.4215005759         0.0801837293         0.6350748448
        0.5328960316         0.8277250091         0.5789397297
       -0.3357764497         0.0168551263         0.1875100892
       -0.0955303475         0.2559750090        -0.0165350379
       -0.1333613206        -0.0297135042         0.6365265594
        0.5585067369         0.0457732691         0.2961470152
        0.4443736392         0.1087451811        -0.0511695025
       -0.0644592281         0.3084623622         0.1478126414
        0.3927135084         0.6673174354         0.1415580582
       -0.0990349228         0.7778858039        -0.1040670957
        0.4612442007         0.6003757443         0.1033306658
        0.5950153258        -0.0630015422         0.7402053948
       -0.2457775401         0.7867912759         0.3680703269
        0.5193068803         0.5550351961         0.7481865783
        0.2948315382         0.6249332141        -0.0197234219
       -0.1381331790         0.4479945374        -0.2211157125
        0.4953348090         0.6372386156         0.0963473583
       -0.1826579249         0.3486986545         0.0979023480
       -0.3366996197         0.5375833546         0.5643623981
        0.0579837795        -0.0478393986         0.5490559858
        0.3810557858         0.5146820743        -0.2172498556
        0.1879844923         0.1938900800         0.2112120890
        0.3928193450         0.4791391479         0.7247993824
       -0.0101175668         0.0014224340         0.3548112931
       -0.1330717706         0.8286115513         0.1746782951
        0.5668767051         0.4141316096         0.6502256966
       -0.2504020218         0.1373600706         0.6149937334
       -0.2204050604         0.4159595514         0.4769350542
       -0.3064702780         0.5837039650         0.1069150204
        0.5082993726         0.0572448912         0.1968795499
       -0.2110295996         0.8527005716        -0.1368278406
       -0.0125506935         0.0279359711         0.5653158959
        0.6244082516         0.4758581991         0.0232022586
        0.2741693208         0.7319546859         0.4010889342
        0.5183622988         0.6570826517         0.2540224034
        0.1654845018        -0.1230964110        -0.0322344928
        0.1512467736         0.2808266967         0.5546079055
       -0.1961178541         0.1336983762         0.0239929890
        0.4754542793         0.1774101045        -0.0251520529
        0.0500187252         0.7462131446         0.4222943542
        0.5052475397        -0.0558964642         0.0652448647
        0.2907899364         0.7512743295         0.5336525894
        0.0178447512         0.1466925857         0.2211108486
        0.3570291480         0.0636731548         0.5157933112
        0.4158039218         0.7177940145        -0.2386714411
        0.4692634877         0.6652699602         0.6470151202
       -0.1328159218         0.6859874594         0.2606349794
       -0.2694061577         0.7788231995        -0.1405411374
       -0.2454201192         0.2408539255         0.0339528094
       -0.2761067228         0.2895076774         0.4533510630
        0.3379580690         0.5141215285         0.3017702885
       -0.0274589383         0.1886475839        -0.0961408491
       -0.1946322037         0.4787437375         0.3254713167
       -0.3169501450         0.7551280398         0.6005568932
       -0.2865622458         0.6704540207         0.4709613387
        0.5464471088         0.1030902119         0.1208846874
        0.5461670415         0.6845378318        -0.1991959422
       -0.0946260346         0.4924218266         0.2961928229
        0.2373455235         0.0918552458        -0.2076568619
        0.1380299307         0.7569157237         0.2431778706
       -0.3135232596        -0.0626032994         0.5674711107
       -0.0330160043         0.8081112707        -0.0725958405
       -0.0899187218         0.2752653690         0.5469953739
       -0.2058117718         0.1402256098        -0.1239927120
        0.0696317217         0.5882747703        -0.0989169140
       -0.2499593614         0.5115626209         0.4537853581
        0.1892899297         0.4123687960         0.6233284803
       -0.1369111698         0.0079991480         0.6065864973
       -0.0050632232         0.2044617097         0.3110292764
        0.4235019101        -0.0205043870         0.6772704433
        0.1808504149         0.8633675740         0.6993738006
        0.3807812226         0.3836898351         0.7274000356
        0.5089530363         0.8549605333         0.4697767709
        0.0119743565         0.4192806317         0.5854563021
       -0.3433873340         0.2495891322         0.6427551804
        0.2604330770         0.5412598286         0.3249469896
       -0.2603422711         0.6058370065        -0.2027524961
        0.1817518538         0.0348255502         0.1387644044
        0.3997448269        -0.0004796172         0.2433964509
        0.2100263180         0.1980631549         0.3150784290
       -0.2387486251         0.7373199948        -0.0082508767
        0.6159388596         0.6270224918         0.5498061570
        0.1938620363         0.2615468667         0.0013832674
        0.1064827630         0.7590659917         0.5289177051
       -0.3119773007         0.3274478123         0.4098546332
       -0.0620999339         0.7461374607         0.1353625529
        0.0737505076         0.0936942648        -0.0748674923
        0.5065082049         0.4661495284        -0.1398967628
       -0.3606731595         0.5870468283         0.1675425843
       -0.2625898702         0.4116042151        -0.1774723624
        0.5962824411         0.6637162748         0.1013004100
        0.2216190362         0.8373414951         0.3317119128
        0.2677821585         0.8476945712         0.4922362998
       -0.3671984444         0.8682792725         0.1187305428
        0.5157783848         0.5069962675        -0.1699475810
       -0.1340256029         0.8135573899         0.6695574430
        0.4687113582         0.1085466359         0.5777278464
        0.3726467920         0.2992559405         0.3173832326
       -0.3093356470         0.4331917109         0.1552998445
        0.6191586959         0.4421359782         0.5455123694
        0.2774012916         0.7179073646         0.5038090142
        0.0543836652         0.3251402037         0.0677244077
 
