-2.832099544652129652e-01 -9.341447003353826883e-02 7.653996293539947776e-08 -3.644614745198533118e-07 -9.991066548147359415e-08 3.907681661778757837e-02 4.478810011469130265e-09 -2.995728744659972651e-07 1.762797215216333305e-08 -8.924983326045958544e-08 -2.420628917780252029e-08 -2.811056292211231855e-08 5.274768646099080212e-08 6.240899868203032087e-07 -1.564372862406724837e-02 -2.424402026687463767e-06 -6.301451030940146604e-06 -4.841468186857513649e-07
7.734986696954416763e-01 4.114928835717976408e-01 -3.420390921830287844e-07 1.627566805664629549e-06 4.446294499983076762e-07 -1.842976204772417137e-01 -2.452918673692798863e-08 1.474942120712317610e-06 -7.474122829992985412e-08 4.307215039968085233e-07 1.136567518019765979e-07 1.329103520203880004e-07 -2.609581608909713235e-07 -3.053119171983208550e-06 7.365220306096365022e-02 1.136744143761957672e-05 2.957269519297493421e-05 2.194819807936211220e-06
-1.572429311602312196e-02 1.252746660399193801e-01 -1.357876100750430290e-07 6.370755384671384569e-07 1.691145460279280098e-07 -6.343214299499941311e-02 -3.060501188098953390e-08 9.144647142572969495e-07 3.726413026593913978e-08 1.968425120462364989e-07 2.980749068840299340e-08 4.287177827499006397e-08 -1.609776322965326979e-07 -1.658289706408724950e-06 1.811715807332532971e-02 2.367094375312166995e-06 6.350828115654698721e-06 -1.046864966349062125e-07
-2.110903183903833913e-02 9.792926593170155902e-01 -7.743107535080103212e-07 3.698479219235662288e-06 1.009188244668638844e-06 -8.190101964337985763e-01 -6.181262006256783266e-08 5.624010531761413209e-06 -5.076958257644302108e-07 1.886556771692154945e-06 5.434977916164604115e-07 6.435534776995078415e-07 -1.020199704233339553e-06 -1.269875715410830214e-05 3.925296715874345699e-01 6.255849654930603306e-05 1.621430760712716328e-04 1.394663538418723498e-05
6.516364087850582028e-03 3.039413806834933771e-02 -1.624715623670507096e-08 7.079769744246627729e-08 5.191790611464957405e-08 1.260980611884878755e+00 1.099852943192420819e-07 -8.677629113759669738e-06 1.056256942668706712e-06 -3.516229924748598001e-06 -8.593368616256853043e-07 -1.369305423185406239e-06 1.712597842963039115e-06 2.333807478780582006e-05 -9.777258496025855727e-01 -1.636998826755086994e-04 -4.237828581963261126e-04 -3.932145051455458149e-05
-2.052825912068909422e-03 -6.067774113394080321e-03 -1.415879238352576960e-09 9.575129529527788205e-09 -1.569603467265778957e-08 3.193959480316115040e-02 1.827249973538765009e-07 -3.992914231835811435e-06 -1.586618805434264801e-06 1.171516480060685239e-06 -3.608580389234761818e-07 1.338616476455408780e-06 7.139750506873085617e-07 -3.109077432855241854e-06 1.275914069343800028e+00 2.926152098002969028e-04 7.489315367243377063e-04 1.074747393021376784e-04
7.287641091676221169e-04 1.994605922607152557e-03 1.606071747297785066e-08 -6.878798175642173421e-08 -7.666803204655256911e-09 -8.285525704363626634e-03 -7.717970572502260072e-07 1.014044663743566210e-05 2.088756988576260287e-06 3.215588322084630832e-06 2.863029133079254398e-06 -7.767719133455472936e-07 -5.095570230235530826e-06 -3.594125607551046706e-05 -3.105904025045949299e-02 -4.235433124624714447e-04 -1.076867499826516562e-03 -3.050942298039160797e-04
-3.274673600455455837e-04 -8.910822077651195253e-04 -5.211387929143812039e-09 1.079334419317251406e-08 -3.790259468734752306e-10 3.640097203613647768e-03 4.578022221921242216e-07 -2.208346803904187496e-06 -4.095260073888097844e-07 -1.058291904085307183e-06 -1.406744476107470051e-06 1.015499532782374532e-06 2.590917303534454734e-06 1.396887529064454055e-05 8.607789273568956789e-03 9.452527950935932276e-05 3.050790706490818377e-04 7.192660127160237444e-05
-7.742420816716813195e-09 7.556097565714969836e-07 8.345667404760542807e-01 -2.771091931578862841e-02 -2.008703227515294329e-02 -5.047671078883836404e-07 3.896494438451201803e-01 -6.631082263776869046e-02 -1.474659280885648634e-02 -2.098743031825139788e-07 -1.394406585847298072e-06 2.657812110076381492e-06 3.970870465221988780e-07 -3.064454511723014936e-07 5.601155948737086081e-06 1.110605567037633024e-01 -8.218766539592184395e-02 -4.139619554378318406e-04
2.891681073126027469e-08 -2.971185728267219340e-06 2.692425586665507520e-02 8.342132456812185737e-01 -3.219317317564169417e-02 2.793304887711483586e-06 6.558727119477320011e-02 3.895946941082881754e-01 -1.886154743049146126e-02 8.662107338184485872e-07 -3.657347447184072191e-07 5.638418265383954278e-07 -1.819009554609682885e-06 1.168409830771524814e-06 -2.076043557578608330e-05 8.216763916029554138e-02 1.110664523191019354e-01 -1.506432698499759158e-03
7.722746363565237725e-09 -9.415336027071689920e-07 2.112972455797430815e-02 3.151866109732583132e-02 8.344066259968899724e-01 9.888401180753715165e-08 1.768768112683639926e-02 1.613598634131112319e-02 3.948065261974499363e-01 2.348315616631102153e-06 2.019044852842921480e-07 -1.509000564812805200e-07 -7.908432495487561046e-07 3.360300149045897590e-07 5.041582096261940278e-06 1.232089923908613258e-03 9.639791593811656081e-04 1.382985144103044683e-01
-4.400881257199293867e-09 -2.864482363627945156e-07 -2.251804358152989238e-01 7.476826244111087899e-03 5.419831258557482670e-03 1.565023189109292974e-07 1.055988496192254060e-03 -1.799497683718393750e-04 -3.994828160480429230e-05 -6.074722165261612407e-08 2.865981992480562625e-07 -1.191670254439473778e-06 -1.419516726212240864e-06 3.315700213507901922e-07 4.202780057172607414e-07 4.212418462060216369e-03 -3.115721517225506464e-03 -1.612464088665537738e-05
1.618345672820043175e-08 1.123253450349608426e-06 -7.264681708135934703e-03 -2.250850345991696200e-01 8.686262980643739973e-03 -5.758539772424626372e-07 1.775386735061863753e-04 1.056036879925564701e-03 -5.113363842587583148e-05 6.587290554392729636e-07 -6.684519563859877872e-08 -1.383460343899677529e-06 1.381633487725978030e-06 1.990318374487744893e-07 -5.341386820084443103e-07 3.118214419066706478e-03 4.212867146622488804e-03 -5.788160867987234373e-05
3.642953558404244786e-09 3.532144186789699736e-07 -5.701129999942722466e-03 -8.504240030182351126e-03 -2.251360587842740069e-01 -8.078751915797211853e-08 4.813067592180060795e-05 4.388644515891406393e-05 1.074326745063303168e-03 -1.351868270179925699e-06 -1.203383248399125097e-06 2.473185825386468975e-07 1.623875835428790933e-07 -3.072106900620798100e-07 2.531138324194353087e-07 4.649242401681037299e-05 3.640239637212785685e-05 5.272115787159555381e-03
2.078381202765195287e-09 1.933085848319246245e-09 -1.188600761210635397e-02 3.946573372006067105e-04 2.860791055421752697e-04 -1.551089384798313190e-06 9.668718719470215106e-01 -1.645426227188842017e-01 -3.659215330991668486e-02 -4.352694391802764929e-07 -3.854128341488364760e-06 9.804371289370452430e-06 2.196784832413121169e-06 -1.093645490927488214e-06 1.735676980370203979e-05 3.839809355169959137e-01 -2.841660676930707896e-01 -1.429633688842058079e-03
-7.425258342044228103e-09 -5.767696987056867681e-09 -3.834633936280527986e-04 -1.188095964372975349e-02 4.584969592503883458e-04 7.902498050477024878e-06 1.627478609044458180e-01 9.667359742295371650e-01 -4.680296556053777784e-02 1.102919343139383326e-06 -9.811800683716930231e-07 2.717464460127181218e-06 -7.394481681897786348e-06 2.944816193712342780e-06 -6.838435895647499167e-05 2.840799781556857528e-01 3.840060437864907805e-01 -5.206265027576427104e-03
-1.844746163048216516e-09 -2.204709985575798279e-08 -3.009350378733386929e-04 -4.488939757893369866e-04 -1.188370576318763250e-02 4.764907834092039811e-07 4.388975564924921940e-02 4.003943568948946374e-02 9.796652464586411702e-01 8.907175432253814967e-06 1.359623727583374317e-06 -6.593654295845777202e-07 -1.744922608319136254e-06 1.291244986939043961e-06 1.724553111644917575e-05 4.261056331792107722e-03 3.333538585527319811e-03 4.781392708918191792e-01
2.246282567703659656e-09 3.351039956584708013e-09 -1.805979565919314756e-03 5.995088096952999916e-05 4.346973908039915600e-05 -3.441909536878538336e-07 -1.812466297868360887e-01 3.084453464387187233e-02 6.858344816640889186e-03 3.830693538411170414e-07 1.069002822303040819e-05 8.929552067183489251e-06 -3.397909363835780415e-05 7.670003110697725494e-06 3.120956683233215647e-06 8.326104864884404932e-01 -6.163216419018175962e-01 -3.085774090964120246e-03
-7.228963448225514457e-09 -5.358567870759141634e-08 -5.827734856725159154e-05 -1.805200285813785910e-03 6.967103196063181793e-05 -1.013480763990208946e-06 -3.050778698008561191e-02 -1.812181946535323107e-01 8.771692289607058157e-03 -6.699653884918456243e-08 -2.226115048633017911e-06 -3.088816151613809675e-05 2.307820278720487738e-06 2.804744383658381106e-06 -5.593086166677533390e-05 6.159317324635904534e-01 8.327799638663555548e-01 -1.128147044036089362e-02
-1.559928786917220896e-09 -5.366292214132166736e-08 -4.572546462329425888e-05 -6.820371449201536793e-05 -1.805742436684805658e-03 7.366194656556676169e-07 -8.227193143642688722e-03 -7.505695398288504336e-03 -1.836103786044442354e-01 4.658417936750975279e-07 -3.214552706492304894e-05 4.371615059495766997e-06 1.485833820184378424e-05 -3.069712506815740865e-06 4.021794503871041167e-05 9.255279146070964288e-03 7.235474417466286785e-03 1.037878868603373084e+00
-1.886898778701225225e-09 1.411628245341927052e-08 1.250483287813747377e-03 -4.150527004167601505e-05 -3.010104477286195394e-05 7.338278925541087613e-07 1.246847480009360132e-01 -2.121992223049805337e-02 -4.717884806883824826e-03 -2.057468801190400888e-07 -1.147064081636870218e-05 -3.833007444911076984e-06 4.695996758369002522e-05 -9.975256871469734781e-06 5.703612891452783005e-05 3.983928480493483665e-02 -2.924310793897054103e-02 -1.745529258867593435e-04
5.722343871192729907e-09 -1.626838684553684747e-09 4.035721688631185476e-05 1.249942399495377948e-03 -4.824491111248952575e-05 -3.754290887195365897e-07 2.098617414884835011e-02 1.246654999918421075e-01 -6.034053991769223330e-03 -4.615353077516279112e-06 2.933259181690447885e-06 4.444301452819321809e-05 -6.253269538475006920e-06 -4.866735158729857143e-06 -1.504880328604813172e-04 2.957373474531284352e-02 3.966391916313229821e-02 -5.580154115349304040e-04
9.239730983350738389e-10 3.204123896584401407e-08 3.165941514651348933e-05 4.722214253550368007e-05 1.250335961548695906e-03 -4.519387852653355014e-07 5.660386833591611426e-03 5.164044610156875124e-03 1.263229455602969120e-01 5.149285831211915717e-06 4.542324276292915937e-05 -5.939168760059964849e-06 -1.454415312043919654e-05 5.838668939075528849e-06 -2.745041647141760666e-06 4.146748946689112966e-04 3.325406649136643136e-04 4.806072134592896672e-02
-1.048009776571622602e-09 3.294517988830298882e-08 2.136186819069368483e-05 -7.106275619751869656e-07 -5.082492836408956291e-07 1.285564062917129896e-06 1.980951598991438373e-03 -3.369066681830317888e-04 -7.561823287898907582e-05 1.975244190418600509e-07 -4.948089843998347554e-06 -7.501366026501944029e-08 8.443724564475284480e-06 -1.299555946240929505e-06 4.385822767761937842e-05 -1.341169610654901166e-02 9.899840693709914194e-03 1.102210815915696557e-04
4.028265600028326005e-09 -1.382219163785950522e-07 6.887137917124304304e-07 2.135694546980048352e-05 -8.179625657800182289e-07 -5.252944978473743441e-06 3.334811162547319163e-04 1.981507833606724420e-03 -9.700334609194922715e-05 -1.250955450104941809e-06 -7.782915854196218115e-07 7.728385460167807149e-06 -1.444449169061586968e-06 -1.705167948391746104e-07 -1.851499242264378529e-04 -9.969478579181879907e-03 -1.354694455298017901e-02 2.785559540898864604e-04
1.010345728257435611e-09 -3.828117519608965923e-08 5.484105241517348023e-07 8.148977924583157193e-07 2.142828144741057257e-05 -1.367875355005018593e-06 9.011442366767669066e-05 8.193074236491637585e-05 2.026857776618872908e-03 9.529390205525314504e-07 6.016115536675507413e-06 -6.352900411375661539e-07 -4.222324643632654765e-06 6.737446646436571877e-07 -5.643174159101293867e-05 -1.107318470446196198e-04 -7.113108586465352937e-05 -2.046734834055025792e-02
-3.890447245136557358e-10 1.503155856457626170e-08 -1.747492992973848749e-07 5.462929433487257658e-08 -5.841133328099227107e-08 6.890125951815885547e-07 5.498773276375680946e-06 -1.480512208182867508e-06 -5.599938712415067514e-06 3.609867002488070242e-01 9.283177644079979585e-01 -4.242019407907839795e-02 -3.108876520163603163e-02 3.332141687557776261e-02 -1.146133491315516095e-05 4.787106337812482019e-05 -1.537827484854241113e-05 -2.183197898667114739e-04
-7.736417496895636839e-11 1.799008528546823329e-08 -6.568646469742461379e-08 -4.032851633133200648e-08 -1.707889412900559037e-07 8.373073237240469414e-07 -4.608799351272763778e-06 5.550336935215557048e-06 4.705164941849240372e-06 -1.563991148572556333e-02 5.533311645704090675e-02 2.681597563901550463e-01 9.483986612954857787e-01 -1.458849064352603919e-01 -5.151527980583782940e-07 -1.031497012128237251e-04 2.196242416356527811e-04 3.319226050588727127e-05
2.460704992606217074e-09 -3.643050417231134253e-07 -2.136149844251338621e-08 1.167613671158225212e-07 -7.870326367775123016e-08 -1.190001928169585149e-05 3.922940986090548753e-07 -2.275808168610071106e-06 1.680711390582920113e-07 -3.822115789471686870e-02 -1.424868373206361616e-02 3.325994016671678793e-02 1.425183878641589075e-01 9.863439085164481535e-01 3.146407880286098779e-05 2.793884061377010616e-05 1.737646868372740182e-05 -3.406714114932703305e-05
-1.589594920262020029e-11 9.569749273635475976e-09 -7.196851665240996727e-08 -5.476262661363929063e-08 5.496408379183608332e-08 6.738410505579573855e-07 -4.629951316624551842e-06 -4.947273517276291575e-06 -2.202623370675233445e-07 2.361657722134759621e-02 2.529970615692546734e-02 9.597597976649040463e-01 -2.712120757373213675e-01 8.105129863563344944e-03 -1.337445129495170181e-06 -2.174727244851434752e-04 -1.025077890456961853e-04 1.723480354278353520e-05
7.398725266211589227e-11 1.349080179481285082e-08 4.723363157254078632e-08 2.042477216061812039e-07 -2.528254430621343414e-08 9.074220347927155584e-07 -2.227534616425678159e-06 -2.431968925909802750e-06 -3.873941923658292844e-06 9.291798242193368695e-01 -3.609493867877988649e-01 -2.031796087993228798e-03 4.079705771126530822e-02 2.496563124166057898e-02 -4.201217193659420772e-06 2.214913110390766875e-05 7.044373102409519653e-05 -1.115362716772585951e-04
-9.176314687652593804e-11 6.537740868907912476e-09 7.078580778274863644e-08 -5.819240420417549262e-09 -9.639910012880769870e-08 3.427869816431781315e-07 -4.102951283357532533e-06 2.047553268089797282e-07 9.348237158163757757e-06 3.700544912112367895e-03 9.558020309273208143e-03 -4.362147787124637959e-04 -3.209716677726143046e-04 3.425651040739067978e-04 4.421283367737937134e-05 -1.067798194528686817e-06 -6.320058402351900197e-06 5.211336945937512354e-04
3.158008513291150463e-10 -4.653494007809449902e-08 -9.299168663100488583e-08 5.541775693758555569e-09 6.958335207834730655e-08 -8.742753695590305753e-07 1.105424861390865123e-05 5.640674296760004531e-06 -4.895127934325389238e-06 -1.613210719360137822e-04 5.688607186972343462e-04 2.760001610617088784e-03 9.761277895292229737e-03 -1.501153072826190687e-03 -3.223752381614459708e-05 -4.970446248106420066e-04 -9.583040224906085426e-04 6.582330008534827690e-05
1.545509635593793773e-08 2.505654700921736273e-07 1.041337707384058330e-08 -1.395377398590807945e-08 7.664072079511607902e-09 -5.277960742248452775e-06 -4.421596313735357278e-07 -3.327297704415180430e-07 4.912928344125772788e-08 -3.926434680027963216e-04 -1.465972838509293531e-04 3.428757352990386429e-04 1.463539051024455306e-03 1.012932934401946858e-02 3.183181454834312345e-04 -5.702039399728836701e-05 -2.555803589466752962e-05 1.047498531133060553e-04
4.533692976555521727e-10 -2.651240025934831433e-08 3.397361166003301573e-08 -9.749603016958034167e-08 -5.200551400696882117e-09 -6.517621906295378730e-07 -8.357656752869696445e-06 1.181707944754477050e-05 3.534841262988365039e-07 2.436514810099925268e-04 2.605984799741184617e-04 9.878777598212243674e-03 -2.791292177603537251e-03 8.475022731502899619e-05 -1.442701225439773013e-05 1.043867217673144238e-03 -5.815228062139251620e-04 -6.827319467977162706e-05
-8.597100981529952889e-10 -2.298752545263455177e-09 -2.707880854841872663e-08 -1.699378617794971192e-08 2.083922685187675622e-08 6.700050725339656719e-07 1.472763497259349571e-06 -1.616987601296055758e-06 -8.987941653777646722e-06 9.532474282086056752e-03 -3.719229150461553484e-03 -2.019055655540420192e-05 4.194516025447517704e-04 2.554292150013682682e-04 1.426346766594099073e-05 -1.014725006350894351e-04 -1.351091108529162122e-04 1.040397864523946985e-03
-9.959057617538883561e-11 1.820321044241168265e-08 -8.214531725661618569e-08 6.021286478272807623e-09 2.204842323331853319e-07 4.687670859524414284e-07 1.129044782280827735e-05 -8.846684986686495532e-07 -4.003043822816664676e-05 -2.450798248595317959e-04 -1.032729343208882780e-03 4.391791129697378168e-05 4.302633522758084693e-05 -3.334658768349877756e-05 4.194134509933494272e-05 -1.249166193168851045e-03 4.628371794823684347e-04 2.701862600414722034e-03
-7.336567128261210377e-10 7.590397518571935006e-08 2.215565551494425030e-07 1.191596696271560915e-07 -9.497797376223608173e-08 2.098018691919673016e-06 -4.521283662029654585e-05 -1.907732763365898660e-05 1.459869013705730918e-05 1.553210497791472747e-05 -5.109867696955365442e-05 -2.737325597869093188e-04 -9.719088309435704133e-04 1.491238894168703960e-04 1.562393796168264103e-04 5.316810386540093275e-03 -4.080205237877615769e-04 -1.268817650854675485e-03
-3.552481971484218700e-08 -5.279822170793570765e-07 -1.331862084000615183e-08 7.285293472050917531e-09 7.453041231617580223e-13 5.474990013097376787e-06 1.704979107630777920e-06 1.937429901112730149e-06 -1.825285100120335504e-06 3.087380626116713111e-05 1.237531623506371005e-05 -3.766172140952274704e-05 -1.204646795832559926e-04 -8.497830547340177792e-04 -2.206559599314081733e-03 -4.076860905718801141e-04 -2.951188463094536990e-04 2.843678701813033669e-04
-1.028657345062932009e-09 4.523810014307112076e-08 -1.660971197621717502e-07 2.277117863943490123e-07 3.725181166871744571e-09 1.591344536678652430e-06 2.592451032806502832e-05 -4.711023442975960927e-05 1.235253146213909307e-07 -2.366379981654026524e-05 -2.777090379757471742e-05 -9.853647483313719875e-04 2.779121087274200302e-04 -1.784423408298455038e-05 8.678934276889941713e-05 -1.603217051010623882e-04 5.795814250045256029e-03 -5.650425886065659013e-05
1.916027050922400206e-09 3.401941727223039699e-09 3.323973171192701207e-08 1.830577356151855419e-09 -1.560651209107688414e-07 -1.278936832819410288e-06 -3.804528275990075561e-06 6.975917751986397932e-06 3.018572406033009819e-05 -6.654387116475708091e-04 4.151791639243689286e-04 -3.481400210974310183e-06 -3.997212428711366443e-05 -1.507781239758604500e-05 -1.809623908710217131e-06 1.646330382402784779e-05 -1.054592952721697136e-03 -2.817476721197457405e-03
1.166044972231447967e-09 -1.814247089568894656e-07 4.963157135768229255e-07 -5.146099927842141759e-07 -5.178937471665630740e-09 -5.225348214266934342e-06 -1.219714611498854101e-04 1.667349754735958671e-04 7.146494407055373544e-07 1.956005686520907764e-07 2.982041786855514454e-06 4.604581616434988672e-05 -4.287395406580662391e-05 6.988936372642548528e-06 -4.862247387612023304e-04 3.766047779897790677e-03 -2.347136208015545428e-02 -1.030113667549057083e-04
-1.482157148043313132e-08 1.230506977858269598e-06 -2.540391693096871604e-09 2.677095820454167341e-08 8.509522780484474280e-10 3.727099689730641112e-05 -3.744411047857490988e-07 -5.571950864442572841e-06 2.111102702499082194e-07 3.947243086003049211e-06 -2.156286760269174623e-06 -1.698503794442192787e-05 -2.117058447364555696e-05 -1.499275854871815264e-04 2.459844379191765320e-03 3.052112466309778497e-04 4.458391032095556056e-04 -7.330247286856514312e-05
2.036531672206285073e-09 -1.219341038880321625e-07 -4.983963310521326324e-09 -2.503741324715136931e-07 1.603500918848099772e-08 -4.610582265775914255e-06 1.318563890710323152e-05 8.043338950215640629e-05 -5.726322817114209471e-06 -1.505496775561758685e-06 -6.874914604562556147e-06 -1.283944205112092863e-04 -6.361410525567021375e-06 7.839985735563057668e-07 -3.708999223533538509e-04 -5.973116631703525962e-03 -8.215919675366591124e-03 3.569725567790289116e-04
-1.009238754937660833e-09 6.983654953109958122e-08 -2.955859523887947421e-08 5.750370682386214644e-09 3.141002729734789992e-07 2.349506190495665386e-06 4.991212456086381306e-06 -3.426487083822866653e-06 -8.323253959305345847e-05 5.759680911945173564e-06 -1.494173712758402816e-04 6.145120401169570527e-06 9.345343356396604816e-06 -2.299351839549537036e-06 1.805671446162209837e-04 -7.643919923322697483e-04 4.848385096941177719e-04 9.102402864559556647e-03
9.973172608189534953e-10 -2.303009363448781513e-08 -2.636437718757880396e-07 1.001957673016105203e-08 -2.868655371910380811e-08 -1.247805323568568619e-06 8.393628982640522970e-05 -1.378891655068256490e-05 5.722387570596465418e-06 1.913782364946731452e-06 -7.725989604380669522e-06 4.942633649845675468e-06 -1.268361722860930965e-04 1.929682579090579269e-05 -6.970411996906669932e-05 -8.506289290225210395e-03 6.216536811641935889e-03 -1.003456165796391165e-03
-2.328555480735092040e-08 -1.479617553244975773e-07 8.745028067982845038e-09 -2.232191000583957491e-08 -8.363802780901625197e-09 1.185796245444853208e-06 -1.292897326090748547e-06 4.382815774072271852e-06 1.455310626248795885e-06 -1.494724896996606636e-06 -3.780097889455130806e-07 4.721716453725431529e-06 6.333133918015720916e-06 5.570515755499379397e-05 -1.120099745772367957e-03 -5.118301183011386170e-05 -5.154650383166563786e-04 -1.807815014317713787e-04
-6.890339207359640318e-10 8.997283519725227289e-08 5.101161956277653192e-07 4.942904977479391093e-07 -3.458580457114356946e-08 2.650198501624427623e-06 -1.673067750633574753e-04 -1.211132318943356742e-04 1.362389061662349499e-05 1.252297778686524700e-06 -1.700992082443157443e-06 -4.011755749604606103e-05 -4.632605450454069533e-05 6.335754776169019316e-06 2.287182775564758374e-04 2.350106661949961928e-02 3.692172811981828204e-03 -3.243917988995966960e-04
