0.000000
0.000006
26.202462
26.202463
45.947389
45.947392
80.392577
80.392583
278.492747
278.492755
314.787398
314.787400
342.748829
342.748831
361.917515
361.917516
6155.142575
6155.142577
6161.911662
6161.911666
6210.608377
6210.608382
6305.935355
6305.935358
6314.512038
6314.512041
6347.357103
6347.357103
6379.681751
6379.681752
11435.685585
11435.685591
11456.722044
11456.722045
11561.157676
11561.157676
11570.403519
11570.403521
11592.223989
11592.224002
11635.259343
11635.259344
15803.656978
15803.656984
15967.129078
15967.129078
16048.020740
16048.020740
16052.134249
16052.134250
16167.838958
16167.838961
18354.873830
18354.873834
18376.732072
18376.732079
18392.205988
18392.205990
18496.299247
18496.299248
18541.848693
18541.848699
21421.431134
21421.431139
21422.625244
21422.625252
22035.402096
22035.402101
22045.688357
22045.688363
22123.979815
22123.979817
22135.789974
22135.789978
24860.317179
24860.317181
24947.057430
24947.057435
24960.248353
24960.248356
25146.075563
25146.075563
25160.583579
25160.583581
25260.184761
25260.184761
25442.472145
25442.472153
25496.879184
25496.879188
25517.692616
25517.692622
26938.709339
26938.709340
26977.867253
26977.867261
29720.491059
29720.491067
29741.393582
29741.393585
29803.481211
29803.481215
29833.372058
29833.372061
29906.126426
29906.126427
33398.744089
33398.744097
33420.103059
33420.103059
33453.867105
33453.867113
33536.254973
33536.254978
36175.118900
36175.118902
36338.868834
36338.868840
36389.401569
36389.401572
42312.817438
42312.817440
42360.712119
42360.712126
42429.468403
42429.468404
42534.465852
42534.465856
45162.597262
45162.597264
45180.318576
45180.318576
45425.774489
45425.774497
47288.777826
47288.777834
47298.508988
47298.508988
48511.619460
48511.619466
