-3.931041121794557558e+00
-3.930863923163552709e+00
-3.930717021774297937e+00
-3.930867320698702816e+00
-3.930496242457707012e+00
-3.930657810880819447e+00
-3.930651796681277066e+00
-3.930165677325760942e+00
-3.930055385217310349e+00
-3.930188836404829189e+00
-3.930413670274121696e+00
-3.930455605124225649e+00
-3.930456936909392684e+00
-3.947093004173157560e+00
-3.946973452950884198e+00
-3.946970695928774919e+00
-3.946950493372302304e+00
-3.949907664239925786e+00
-3.946869541181385443e+00
-3.946867326836495327e+00
-3.946670589532162321e+00
-3.957740109096628878e+00
-3.957649389657281969e+00
-3.957646794271211910e+00
-3.957204272785334265e+00
-3.957015721822259025e+00
-3.957180837800574835e+00
-3.957036494700258533e+00
-3.957033925080536640e+00
-3.957078846958233420e+00
-3.973568532611979620e+00
-3.973569193048156034e+00
-3.973637428789769555e+00
-3.973371504473558691e+00
-3.973128172875093345e+00
