0.000000
0.000000
0.000000
0.000000
3426.349639
3426.349639
3426.349639
3426.349639
5707.420006
5707.420006
5707.420006
5707.420006
10214.779768
10214.779768
10214.779768
10214.779768
11272.354383
11272.354383
11272.354383
11272.354383
14311.415210
14311.415210
14311.415210
14311.415210
14536.758955
14536.758955
14536.758955
14536.758955
19035.477904
19035.477904
19035.477904
19035.477904
24454.349142
24454.349142
24454.349142
24454.349142
27227.144669
27227.144669
27227.144669
27227.144669
831397.432248
831397.432248
831397.432248
831397.432248
834517.447786
834517.447786
834517.447786
834517.447786
834788.969765
834788.969765
834788.969765
834788.969765
836123.372759
836123.372759
836123.372759
836123.372759
837973.193967
837973.193967
837973.193967
837973.193967
840725.783784
840725.783784
840725.783784
840725.783784
841060.420532
841060.420532
841060.420532
841060.420532
841878.503432
841878.503432
841878.503432
841878.503432
842776.075066
842776.075066
842776.075066
842776.075066
844170.539730
844170.539730
844170.539730
844170.539730
846661.649143
846661.649143
846661.649143
846661.649143
849513.108752
849513.108752
849513.108752
849513.108752
849592.266370
849592.266370
849592.266370
849592.266370
850498.916705
850498.916705
850498.916705
850498.916705
852141.905814
852141.905814
852141.905814
852141.905814
852894.545664
852894.545664
852894.545664
852894.545664
856347.865348
856347.865348
856347.865348
856347.865348
856905.760003
856905.760003
856905.760003
856905.760003
859318.681906
859318.681906
859318.681906
859318.681906
865360.602542
865360.602542
865360.602542
865360.602542
1769799.125892
1769799.125892
1769799.125892
1769799.125892
1771868.144234
1771868.144234
1771868.144234
1771868.144234
1775858.973443
1775858.973443
1775858.973443
1775858.973443
1776809.162996
1776809.162996
1776809.162996
1776809.162996
1784064.380962
1784064.380962
1784064.380962
1784064.380962
