5.260871716569206313e+01
1.092188583294701090e+02
-2.078109481247685864e+01
6.511849929669213566e+01
-7.002218789756545902e+01
3.812030319253707233e+01
-7.749303499759764691e+01
-3.676535653801058601e+01
4.320823754950142614e+01
7.877930820961664438e+01
-5.839011734031210921e+01
5.082366204884767313e+01
4.458354644018297108e+01
-5.148862715495029363e+01
1.056627088286051190e+02
1.249277668644710104e+01
4.829558338720419641e+01
-5.117865618197842537e+01
-1.610927658362154489e+02
1.269108780021489480e+02
-1.346278713854467846e+01
1.227392908458829979e+01
-7.163856288558347885e+00
-7.946031518576140229e+01
7.890511498992541561e+00
-1.254018624367161578e+02
2.478838791066001690e+01
7.495616733246060903e+01
8.563909490380649459e+01
-5.255837700431310822e+01
2.459027682692687833e+01
-1.872511703685514561e+01
6.065339843596294145e+01
3.417603028126357856e+01
2.836888568743248840e+01
-5.070886134350705277e+01
7.209041432122158710e+01
5.404223745186950367e+01
1.874741198152879207e+01
-6.977068894806269128e+00
1.111750749505647207e+02
6.357763295586605068e+01
6.651969738636184104e+01
2.016846052744465467e+01
9.097019328322798515e+01
1.053842875431278969e+00
3.453700775976351878e+01
2.713755644002271339e+01
-5.774003915903519157e+01
-4.752491612140045874e+01
-6.554717509989188784e+01
6.254422404013177328e+01
4.586018507060818905e+01
3.406958816057699835e+01
5.176985401925235664e+01
-1.829808808396500908e+01
4.768825130772674470e+01
2.300482517735795795e+02
5.477150875597058644e+01
2.797998912950245654e+01
-9.456688787816297292e+01
-1.869947057642431218e+02
-1.737804692384230520e-01
-5.266143256299519493e+01
-7.217027422112877844e+00
1.144157628588002922e+02
-1.190676340590809019e+02
1.086269470377472715e+02
7.657496643114495782e+01
9.156620401514015839e+01
5.166462107070604048e+01
-1.183969560967015724e+02
1.718201562691523065e+01
-1.300784197991365545e+02
-1.338888568948067359e+02
8.501589451376102602e+01
5.424835670942734112e+00
3.577567878523142042e+01
1.065621508878934165e+01
-8.639554129487652290e+01
3.563402364742476891e+01
-4.994422429844254907e+01
-3.619461131879523208e+01
-2.313454149744388033e+01
2.180637906730234477e+02
-1.219797952207901375e+02
1.898497273878600708e+02
-1.248302903666489385e+02
-7.727133529887464647e+01
-3.528475820516943173e+01
-5.999720466989998613e+01
3.917281463954093823e+01
-9.530641063314682526e+01
3.343306736433904547e+01
5.105285856786910159e+01
-8.260777957129781157e+01
-3.471266062009618736e+01
1.239990986367675276e+02
-9.221411795176841508e+01
1.600355254785288253e+02
9.471432230681564590e+01
-4.664833805297053004e+01
-1.123072491567603208e+02
-5.007872299590142262e+01
-1.336768395775818874e+02
-1.295448940491038456e+02
-8.348932967049159970e+01
-9.091743650331014237e+01
1.183037039359325178e+02
3.852243935188101887e+01
-3.820020292783374316e+01
-7.685763579573543325e+01
6.394282155706046211e+01
-1.431035505905325067e+01
-8.477445478826956560e+01
-1.414380341167051256e+02
9.513937604088630451e+01
5.635182885548680076e+01
2.810875739813875640e+01
4.723307793130321386e+01
3.362422848323103608e+01
4.204561766481866414e+01
5.268279345597019869e+01
-1.450012953948210992e+01
6.762789393457553899e+01
2.560953172548605039e+01
-4.178079847606988295e+01
-4.980903404470160467e+01
-5.797220267052003351e+01
-1.313979350627656970e+02
2.375685371631785756e+02
9.866776732528492744e+01
2.668386532161999014e+01
7.949454225428064547e+01
-6.189618469354847008e+01
-1.986813977025360316e+02
-1.941261473312421231e+02
5.775067801156640712e+01
-1.008179734810162529e+02
-7.577157229909289526e+01
-3.130541239254259622e+01
3.143720614348709308e+00
8.216665938587155438e+01
1.909813394195272735e+02
-2.855944522573405564e+01
2.163490887461696843e+01
-1.165941512469219958e+02
-2.092079243206537171e+02
1.414205936289243368e+02
1.285695348540824341e+02
-5.072614158108738991e+01
3.189989510499339787e+01
8.614781680136135833e+01
7.635177964813790652e+01
1.360125824585619796e+02
-1.056997380314190025e+02
-1.789276104248339152e+02
-9.899197838760983359e+01
-6.573814040306695006e+01
1.412907875265236513e+01
1.575719316346579433e+02
-1.369052590559418832e+02
-9.830639662826953895e+01
4.621438387200711873e+00
-4.926698156970266496e+01
-4.474463803983343979e+01
-1.969763851320790309e+02
-7.384612329365964456e+01
-6.322427695532958580e+01
-4.570405494160027615e+00
-3.625920137379632990e+01
-6.907935846874541141e+01
-1.299037219618908239e+02
4.689089210079553993e+01
3.855571211481872496e+01
4.830196763965984630e+00
-1.006462267563021555e+02
3.039556836288856090e+00
1.237278136742774421e+02
8.418306300919758201e+01
-6.453241106301358343e+01
3.636622703319235228e+01
1.376851317661959229e+02
2.361887173852124988e+02
8.453430790204087941e+01
-5.514026378903960790e+01
8.747822240256449788e+01
-2.094647825863615509e+01
1.562314925996702186e+02
-6.593152077987669202e+01
-8.987134704954880249e+01
-9.031308051356033673e+01
-3.920955479685279244e+01
-5.833843855720775906e+01
-9.305089283084967633e+01
-1.716939990193957044e+02
1.373339620894119548e+02
9.118517424171233188e+01
4.621104295453257294e+00
4.986472939217648559e+00
3.438478801154911935e+01
-2.532865779525660628e+02
1.818800210603112077e+02
2.146561603325327283e+01
-7.818504989493125379e+01
-9.067050077803970964e+01
-2.986157213479794237e+01
1.647992706876997602e+02
-3.898780405262749937e+00
6.140821634887490887e+00
1.883290239060950171e+02
1.292044139579155981e+01
-1.075697598562462645e+02
6.036659831697939893e+01
-9.059553463729524481e+01
1.625948345202151586e+02
-4.716286457100638785e+01
1.114173106106104285e+02
1.584171712664820859e+02
9.429965193322827588e+01
-2.599126713905767616e+01
1.448959621071465449e+02
1.284971840466277229e+02
-1.183452742649566716e+02
3.013511193168731950e+01
-2.022762186283131314e+02
-6.271259572312164465e+00
4.308991702839390925e-01
9.139661472835445011e+01
1.523259357329597208e+02
1.108425939238040314e+02
4.132245633716238586e+01
3.679883287263535152e+01
9.796937942164670687e+01
3.552370094605164041e+01
2.133575252912848441e+00
4.432166375921889312e+01
-9.509676961794463068e+01
8.042761033473017562e+01
-8.955042695234294570e+01
1.528248765173757704e+02
1.141067721441714156e+02
7.474439274899258123e+01
3.976641520077558312e+01
7.402327817975017865e+01
7.393336568356126293e+01
1.048204585475513682e+02
-2.460550033803007253e+01
-6.796545760400552183e+01
-9.609230203402186987e+01
-2.628097877959824658e+01
-2.651769579076403716e+01
-3.283255180151307684e+01
1.737541193256564043e+02
-1.219873342276601136e+01
-2.028784179194220272e+01
-3.378528825888015508e+00
-1.323584231202549120e+02
-1.379634508010565810e+02
3.544061205843513562e+01
8.180532477450978490e+01
-2.325750350302415725e+00
-5.244577123241863603e+01
-4.854414538909657750e+01
6.291337539209720120e+01
-2.410080575398771074e+01
-2.150621772386391228e+01
1.642954333809441536e+01
-7.330875167049183005e+01
8.726578742317158799e+00
1.087351462762211298e+02
7.072558984257460324e+00
8.861650004660230451e+00
1.466691519365593592e+02
-7.955971247458386131e+01
-9.117389695434385999e+01
-2.233102061876189168e+02
-5.418956651047967910e+01
1.099708956991013764e+01
-1.391546754358180351e+02
-7.726379054117609257e+01
4.187365658597691720e+01
-1.183958787171679994e+01
-1.468589742885499447e+02
-4.099148337189069480e+01
-1.827015160428948946e+02
1.821480457006148157e+01
-6.061816736063828159e+01
2.295127001714193682e+01
-9.275474537816100451e+01
-1.005425215033969693e+02
-1.019256777339071505e+02
3.804059205192109516e+01
-1.573833988189980175e+02
1.173990827744506760e+01
1.015064553368763711e+02
1.435810096732557497e+02
-7.644610230686512864e+01
-2.788692177824846397e+01
-4.249868464370176468e+01
1.511465840036707391e+02
-2.378106762148871667e+02
-2.020046132844578679e+00
4.099353600175092538e+01
-7.240928026175740229e+01
-7.371492813534626976e+01
-5.041995035634538169e+01
-9.254874008409166208e+01
1.138486705081221260e+02
5.652792669199526188e+01
-4.515438193629793773e+01
4.109525315080517771e+01
-6.411845407028621935e+01
-1.312562299028176653e+02
-3.270033246391754034e+01
-7.184639420270420374e+01
-3.750396139130010909e+01
1.402785118639124278e+02
-1.247258129103969182e+01
7.468914314928716180e+01
1.510475126329681643e+02
-5.090072729881248392e+01
1.562191066633008063e+01
-2.065620888840612679e+02
-1.306138407073604242e+02
-8.855008145916116291e+01
2.293040746074552203e+02
9.985548235542893281e+01
-2.294181643354886546e+01
6.585247389176149113e+01
6.370628229102314322e+01
3.414073619646032398e+01
4.277065436317948866e+01
-4.003952400876694639e+01
6.847094441151888589e+01
-1.804955083129708271e+02
-2.144549768580492000e+01
-4.008250420978802708e+01
2.307736761623721122e+01
7.116361450168939484e+01
5.668675518686640658e+00
6.534959470453654262e+01
1.122771045940356771e+02
-4.766177456591211126e+01
