 3D1     Ewald 
 1  0.0  1.0E-12  1
        9.7058164316         9.7338747400        12.2261285127
  113.2410   113.1967    90.3675
12
Li           0.3747174000         0.1228980200         0.7462956800    1.000  0  0
Li           0.6252826000         0.8771019800         0.2537043200    1.000  0  0
Y            0.1245757900         0.3745110000         0.2494134100    3.000  0  0
Y            0.8754242100         0.6254890000         0.7505865900    3.000  0  0
F            0.4586400700         0.7638208000         0.5869553500   -1.000  0  0
F            0.2643159300         0.6321515500         0.0881555800   -1.000  0  0
F            0.8709832100         0.6766149700         0.4123660600   -1.000  0  0
F            0.8233158900         0.9559992100         0.0882493300   -1.000  0  0
F            0.5413599300         0.2361792000         0.4130446500   -1.000  0  0
F            0.1290167900         0.3233850300         0.5876339400   -1.000  0  0
F            0.1766841100         0.0440007900         0.9117506700   -1.000  0  0
F            0.7356840700         0.3678484500         0.9118444200   -1.000  0  0
800
        0.0447942469         0.8663161585         0.0756533757
        0.5661118047         0.1185713405         0.5301830346
       -0.2789516224         0.1413693863         0.7390404184
        0.4377851863         0.1009419932         0.1196343152
        0.6154261063         0.0404288931        -0.1603246604
        0.3080483511         0.4499133751         0.5216540540
        0.5762453413         0.4602677142        -0.0300092417
        0.1606009909         0.2700211401         0.1691724362
        0.5141240689         0.1125007568        -0.0333772356
        0.0593413834         0.3218702625         0.0435235712
        0.0349669887         0.1672818835         0.5434713770
        0.5894899358        -0.0155461810         0.5581295574
        0.5156210469        -0.0055793425         0.7344891038
       -0.2859668766         0.4606021931         0.0022561868
        0.5058776232         0.3055927668        -0.0057917260
        0.5953469195         0.6500981508        -0.1981726304
        0.6053909805         0.6341158704         0.6810134217
        0.0708009284         0.2305255980         0.2308646021
        0.2765881835        -0.0478972426         0.7384139489
        0.3221720318         0.0246177903         0.2146530343
       -0.2074007742         0.8264695566         0.0342821321
        0.3728430342         0.5436268173         0.3881152336
        0.2041114526         0.6423428308        -0.0846959076
        0.4615149967         0.3787682710         0.4375548886
        0.2738149045         0.3205346015         0.4206684569
        0.0998620587         0.7688596784         0.3487548597
       -0.1031849630         0.4738894250         0.5625576529
        0.1262790917         0.6060186946        -0.1849060396
        0.4869599703         0.5095142681         0.6755003567
        0.3539664212         0.8162331702        -0.0027589677
        0.5535386147         0.6509549447        -0.0254035261
        0.5985901803         0.1310326896         0.5917028065
        0.5348123396         0.2348536830         0.6412624053
       -0.3721066103         0.6083477561         0.5448232590
        0.2922242861         0.4643082744         0.3162717906
       -0.1273323724         0.1518570525        -0.1413244847
        0.0879720910         0.2272692820         0.5072868244
        0.1344168803         0.4999078446         0.4494410173
       -0.2590729877        -0.1117873182         0.3474632493
       -0.2630773353        -0.1173096224         0.1914906483
        0.3093563361         0.6127283164         0.5764099675
        0.1236031993         0.7489863384        -0.2224364821
        0.5131410858         0.1542126200         0.0986266231
        0.5660667174         0.7329344772         0.4573752176
        0.5735734349        -0.0289788892         0.4733134915
        0.1720117291        -0.0840358009        -0.1464870440
        0.1947077338         0.1219754019         0.4180425585
        0.5745776876         0.7455012997         0.4373344063
       -0.0517529864        -0.1250647900        -0.1786110821
        0.2011458237         0.2449934432        -0.0762722310
        0.0910184881         0.5358892194         0.0756378812
       -0.1817712378        -0.0229497799         0.2040899309
        0.0365221422         0.5302662607         0.5438578155
        0.4147886329         0.2245305392         0.0996463034
       -0.0896385496         0.1848544335         0.2272495565
        0.1005205090         0.8658181411        -0.0562380098
       -0.3437269060         0.1121966077         0.3377162937
        0.3230316199         0.1101307021         0.4307285445
       -0.2697827070         0.7200539034        -0.0896392817
        0.2769434923         0.4323639527        -0.1276275350
       -0.0948887215         0.1646452511         0.0818675745
       -0.1896561172         0.1981325988         0.6054945318
        0.5877131201         0.0260486919         0.4480930405
        0.5376036271         0.2483403338         0.1742753203
       -0.2153311717         0.5824418214         0.2097013488
       -0.1061339441         0.3906387233         0.4357400430
       -0.1862025043         0.3353494209         0.1062530338
       -0.3255481736         0.7808583332         0.3121131644
       -0.0027075708        -0.1138721199         0.4672822610
       -0.2366832436         0.6780290641        -0.2164221972
        0.2402594410         0.3710552308         0.2056297756
        0.2966140915         0.5490942724        -0.1848236159
       -0.1832643694         0.8037341253         0.7244792560
        0.2031265089         0.8612549664        -0.0689245856
       -0.1704844623         0.2404826303        -0.0531690187
        0.4590036646        -0.0469041041         0.5961520065
       -0.2734766306         0.5061097555         0.6860532910
       -0.3722949160         0.7857097286         0.5422884077
        0.5567316991         0.2617722014         0.2147017826
        0.0632803187         0.0759478389         0.0355196134
       -0.0003595658         0.0874651223         0.7209081503
       -0.0120895238         0.4651704135         0.5884684775
       -0.1854841037         0.6514561687        -0.0964674387
        0.5927830480         0.8202659339        -0.0968767460
        0.1703694903         0.5183284951         0.0871852988
        0.1733029566         0.2132185165         0.5666380326
       -0.0701113028         0.6429272854        -0.0483003372
        0.0945642386         0.6791221218        -0.2352912328
        0.4071945720         0.5086001050         0.4582135259
        0.2431830687         0.3268020574         0.5887456276
        0.0026951648         0.7183794375         0.2062494979
       -0.2735113408         0.5913199798         0.4150974031
        0.6140655181         0.2413046527         0.2868301765
        0.1630306068        -0.1067668221         0.3584693389
       -0.3557606382         0.0978197225        -0.2047271274
        0.2257422834         0.0397322773        -0.1814090582
        0.2772577183         0.1010252109         0.1943319775
        0.5758168657         0.1251229063         0.3010608374
       -0.0028391522        -0.0469703967         0.1953144062
       -0.1686910918         0.5473624694         0.5118165569
        0.0005283568         0.3367796301         0.4495632647
        0.1814020621         0.5114794910        -0.0139327682
        0.0794861847        -0.0664096830         0.6443122683
        0.6135218097         0.0847227952         0.2056279720
        0.3425771133         0.3689406962         0.1235276732
       -0.2620042043         0.8254033499        -0.1765085319
        0.5472196034        -0.0283232650         0.5761534973
        0.1070358928         0.3715149810         0.1515222577
        0.2759005530         0.5055308629         0.0423161529
       -0.1890397740         0.0372635489         0.4421197183
        0.1515888914         0.7808049362        -0.1691697262
       -0.1997773192         0.7529050626         0.7183781183
        0.1768942023        -0.0455697964        -0.1448187925
       -0.1913596091         0.3848351546         0.3797255263
        0.4740727095         0.5001828744         0.5729776944
        0.5845388341         0.6355101706         0.1475495337
        0.1769050559         0.5231257156         0.1750820991
        0.3211887196         0.8268039377         0.0027063834
       -0.1790504777         0.4122337935         0.4923214359
        0.5643495017         0.0071094225         0.2531462793
        0.4297916828         0.2148301204        -0.1251036545
       -0.3067065900         0.4357955865         0.6049980976
       -0.1787078215         0.6040959489         0.3663971149
       -0.0982279860        -0.0263513571        -0.1136374667
        0.0220911523         0.4722818218         0.7106795440
        0.1072187300         0.8164660910         0.2361335151
       -0.1045825458         0.7183454543         0.6821275731
       -0.0459871141         0.1013163206         0.2027750754
       -0.2050056373         0.1620914272         0.5962911937
        0.1675229317         0.2978121812         0.6712427774
       -0.2251686357         0.8285075559         0.5226184345
        0.2105582332        -0.0051107463        -0.1838587447
       -0.3545689782         0.3973571707         0.1112319647
       -0.0432750401         0.2527606303         0.5598013798
        0.5759016383         0.3652689672         0.3784223897
        0.0381097690         0.4834127434         0.0390748622
        0.2232658585         0.7373495853        -0.1984838463
        0.1023612211         0.1949047460         0.1759715061
        0.5869453258         0.5046138002         0.5617680599
        0.2244791579         0.6932952238         0.2998132314
        0.0230642767         0.8131919575         0.5994679909
       -0.2102375702         0.0997635749        -0.0537053780
        0.2172783296         0.5535322195         0.2508556547
       -0.0219405779         0.8717606213         0.4429918355
        0.3415650946         0.6520621101         0.1977645086
        0.4789656077         0.0357064113         0.5588885677
        0.1038986424         0.6561206831         0.4593161311
       -0.1248299118         0.0719709808        -0.0170027161
        0.2207427408         0.3707998474         0.2213170481
       -0.2069708550         0.2687066763         0.7227322923
       -0.2772837631         0.6975095602         0.0376832240
        0.4729642472         0.0617864265        -0.0223318524
        0.2199902934        -0.0823117419         0.2077561456
        0.2265508899         0.4319908447         0.5631329651
       -0.1201786024         0.5132101853         0.6684601754
        0.5701058440         0.6154487074         0.6434917704
        0.2864647208         0.6762511595         0.4985240528
        0.0317459649         0.4210634341        -0.2421834054
        0.4894121633        -0.0047104563        -0.1494655467
        0.4291490672         0.7755752677         0.1158296094
        0.3034155148         0.8124126286         0.7383544646
       -0.2284872123         0.6298560742         0.7024636792
        0.4417936894         0.2579382615        -0.0665336171
        0.2076801655         0.4666613464        -0.1105588902
       -0.3722823481         0.5857205714         0.3982827193
        0.3530830695         0.6686003953         0.0865508524
       -0.1304530930        -0.0977249269        -0.1830343430
        0.2606595156        -0.0575915151        -0.1093530330
       -0.2126809446         0.5467942114         0.2138242783
       -0.2607448157         0.4154201193         0.6830429894
        0.0280002964         0.8163536212         0.7057754536
       -0.0265351845         0.6471304444         0.5439383995
       -0.2415037314         0.8046888698         0.2878615678
       -0.3481910633        -0.0443118842        -0.0071919438
       -0.0476605895         0.8058576157         0.6063084823
       -0.1442590782         0.0146667207         0.1722197463
       -0.1628265242        -0.1193213405         0.3552144058
        0.3401419266         0.0505421793         0.6568986690
        0.2433958640         0.3850719883         0.5701672667
       -0.2996390432        -0.0015231432         0.6741172829
       -0.0419044250         0.5243437017         0.7037454195
        0.4809823576         0.0486949628         0.0151935586
       -0.0527987880         0.1096922163         0.7178486335
       -0.2986491995         0.1770394866         0.0682137270
       -0.1261988899         0.3506328771         0.0919210356
        0.0718424647         0.5794071451         0.2537805784
       -0.2823505757         0.2402357155         0.6434160378
        0.4083183214         0.2863421118        -0.0624602793
        0.3447580466        -0.1164853784         0.1797970012
       -0.0961248667         0.5474912369        -0.1416590971
        0.2204191749         0.2883827087        -0.1635188464
        0.5834823098         0.3251034822         0.3162163063
        0.3156581711         0.6024054786        -0.1887434130
       -0.2257226490        -0.0496723905         0.7232626057
        0.5005237058         0.3062054150        -0.1971326459
        0.4926122308         0.6064390641         0.4775426012
        0.3945002261         0.4477021334         0.4550843007
        0.2587211818         0.0814567198        -0.1339952411
       -0.3463646069         0.6513107493         0.2644116212
       -0.1235005587         0.7734572350        -0.0667571212
        0.3838019731         0.6521427025         0.1077666272
       -0.3411831448        -0.0304924431        -0.1245064366
        0.1395220623         0.1601976361         0.5159811069
        0.5829341254         0.7780662538         0.6082889152
        0.1262013416         0.0462254413         0.4325126304
        0.0220380297         0.2309848634         0.0667929918
        0.4485969617         0.4845218407         0.1100304719
        0.0123014043         0.4367349688         0.5687989688
       -0.1759415972        -0.0647948728         0.3557880560
        0.1670391030         0.5293700193         0.0666873261
        0.0264883095         0.1754577481         0.4857201064
        0.1675604130         0.2071556340         0.3023751498
        0.4596771032         0.7305349882         0.2087655599
        0.3281452088         0.5572756333         0.2649214740
       -0.1083249855         0.6815799694        -0.0287171873
       -0.2645490460         0.6161729704         0.3252432649
       -0.0301829088         0.1238062102        -0.0489020792
        0.2522512784         0.2703223990         0.1990868373
        0.4269760284         0.7847391725         0.3379143411
        0.2812842941         0.2991770504         0.3143347908
        0.0935932663        -0.0947803429         0.1088759703
        0.3109225469         0.4365286342         0.5023154510
       -0.2016660206         0.6223141341         0.4020030013
        0.0466564374         0.0588674766         0.4254060778
       -0.1714759643         0.3104826216         0.6016673871
        0.2622441888         0.3413226410         0.5169212783
        0.6068255407        -0.0243444534         0.0824536183
        0.5349642813        -0.1082345028        -0.1833230108
        0.5489369765         0.0822333475         0.2884682075
        0.4710896632         0.2212940493         0.7040809120
       -0.3452178626         0.6242854466         0.5119415597
       -0.0132420936         0.3602620786         0.5538796742
       -0.1284173141         0.6134898650         0.6141520262
       -0.2163059181        -0.0821159390         0.3554043911
        0.0724958218         0.5088073714         0.3878765393
       -0.3023318244         0.7110997712         0.1691250445
        0.4757079579        -0.0005938091         0.5713293405
        0.0233900504         0.6213227699         0.4793051543
        0.1635639438         0.1090290019         0.4300408777
       -0.0988209323         0.1986600332         0.1645849504
       -0.2512654252         0.6193596933        -0.0529756678
       -0.2093877746         0.1935919550         0.3357335128
        0.0364145352         0.2263965738        -0.0471336034
       -0.1399478505         0.6118934258         0.2654180137
        0.5221081236         0.4080560246         0.6431876353
        0.1707270651         0.6968326640         0.2240983328
        0.2924832257         0.1123243521        -0.1858113665
        0.4038973456         0.6079972501         0.2265257355
        0.6223761289         0.5796078481         0.0072371372
        0.2639089037         0.5594208826        -0.2001041809
        0.4746849614         0.3147222126         0.0687166499
        0.6025912433         0.3941026113         0.1023264037
        0.0399479392         0.3978342479         0.7047437498
       -0.1141109243         0.7610886448        -0.1353465842
       -0.2275723529         0.1842829545         0.3163616666
        0.2342051005         0.8028567590         0.2938866124
        0.4109901750         0.5998687361         0.2806158477
        0.3640989025         0.7087721467         0.5437703690
        0.4522362850         0.5417159994         0.6850299170
       -0.1241310430         0.3337862480        -0.0741764846
       -0.0121980401         0.3732926882        -0.1318468926
        0.2431728609         0.6113323052         0.4207713526
        0.3917962596         0.0833504110         0.0519171349
        0.2595505530        -0.0791340726         0.0158521256
       -0.2456316896         0.4875261166        -0.1817837148
        0.4673494549         0.4208224461         0.6121095172
        0.0835055959         0.8361867382         0.4078541602
        0.3556932070         0.2907190077         0.2709193763
        0.6020476756         0.7478141749        -0.1698476311
        0.5176431836         0.6280898111         0.0865681659
        0.3786884495         0.1171182904         0.3450089949
        0.0915512825        -0.1038044718        -0.1983236612
       -0.0258797126         0.4291011759         0.5986692538
        0.0303023792         0.0937234013         0.3295238729
       -0.3024617330         0.6409862348         0.2518314382
       -0.1712419439         0.4643182378         0.5039317664
        0.6218183494         0.7859986259         0.1008567301
       -0.1470618770         0.1392680171         0.6632166097
        0.4118606105         0.5844376174         0.6556167960
       -0.3139393358         0.8564597425         0.1253910115
        0.4152938279         0.0844032249         0.0376816192
        0.3184840870         0.0407573780        -0.2145616397
        0.3572634687        -0.0646788034        -0.1245232109
       -0.2195628074         0.3779189075         0.3441596932
        0.4802662740         0.2751583715         0.7171307256
       -0.2809299968         0.5819876023         0.7028998707
        0.3626362963         0.3841803948         0.1054916754
        0.1568037055         0.6848958990         0.4188385481
        0.1301381567         0.2795213522        -0.0802331138
        0.5962646464         0.5238427024         0.3790968881
       -0.3473882521         0.6876973645         0.3172410587
        0.2688570824        -0.0607516827        -0.0772052048
       -0.1178402415         0.3741113899         0.5021543922
        0.5792857376         0.6552015852        -0.1487204962
        0.5530020841        -0.1236454621        -0.1503095620
        0.5677958045         0.0929742561         0.1771355781
        0.5594627554         0.8130091468         0.1525427032
        0.6078946682         0.0116834774         0.1535413162
       -0.2182573002        -0.0735760726        -0.0874735464
       -0.0247976971         0.8619459379        -0.1533078271
       -0.1512876722         0.4844277848         0.4190145763
       -0.2521273983         0.1139147779        -0.0585412431
       -0.1857862408         0.6704661658         0.2367862258
       -0.0574587310         0.7218060009         0.2796219572
        0.0777348495         0.1535384489         0.5897988217
       -0.1521444908         0.4595795526        -0.0051265748
        0.1125542457         0.6429444578         0.5179524309
        0.0692305376         0.3895426707         0.3578561396
        0.2335356356         0.4575252764         0.2673420983
        0.1055887313         0.7344995795        -0.2400255264
       -0.1295759199         0.5817353344         0.4014219460
       -0.2704849858         0.0559523494         0.3291972332
        0.1362257532        -0.0655397833         0.4571902058
        0.1491701575         0.5754831373         0.3782132165
       -0.3208837471        -0.0892637635        -0.0735097823
        0.0330512992         0.7695768923        -0.0242944496
        0.4342010789         0.5756695454         0.4400779197
       -0.0677545512         0.5584567310        -0.0140812403
       -0.3168032727         0.8033382394         0.3992526567
       -0.2889838070         0.7092985150         0.0742083669
        0.4777136914         0.4883733828         0.5389945986
       -0.3735326281         0.8508660828         0.5496539959
        0.0464028263         0.8602916193        -0.0379787506
       -0.1536791277         0.0783464637         0.5931586621
       -0.2869858341         0.1235174057         0.2454788635
        0.0872042803         0.0400902252         0.2809777684
       -0.1032590091         0.2427422215         0.6527603632
        0.2432557549         0.6827038968        -0.2228245907
        0.2760198954        -0.0785875394         0.6467781152
        0.1401749032         0.4917564559        -0.0319558647
        0.4820580962         0.0064058998         0.2584602355
        0.4351715188        -0.0405092736         0.7016471862
       -0.3726328159         0.6153731462         0.3137092551
        0.1677176896        -0.0741898579         0.3525310562
        0.0858021757         0.5857747981         0.5686147588
        0.3588505821         0.5211443581         0.3829710641
        0.4574773548         0.4514826963         0.2844250924
        0.6207539574         0.0142995524        -0.2220975872
       -0.0601668775         0.1082743333         0.3412876776
        0.6187427890         0.6651269326         0.2040343440
        0.0147642002         0.1890976360        -0.0068625519
        0.4449950034         0.2914287408        -0.1007031367
        0.4099054189         0.1563722940         0.6594413585
       -0.0101850072         0.7834439383         0.4693718497
        0.0313555688         0.4162927483         0.0625488086
       -0.3079831301         0.4159533583        -0.1822709447
        0.2690268434         0.0729636375         0.2042669425
        0.5402741547         0.7410313597         0.4772744398
        0.1874843690         0.5435779553         0.3235964813
        0.3886718699         0.2383823351         0.6511449452
        0.1861611089        -0.1112401747         0.6938126324
        0.5390510507         0.1195988093         0.4924094576
        0.0336875118         0.7626734524         0.0470936386
        0.3168990741         0.7598875829        -0.0029803971
        0.1782207443         0.5029565539        -0.1911841232
        0.0855675767         0.0848617704        -0.2343215300
       -0.2662263464         0.2239209613        -0.1870696914
        0.0902560002         0.1868565443        -0.1339268582
       -0.2255980101         0.0422322984         0.4182778365
        0.1424085810        -0.0177613900         0.4460994189
       -0.2605761340         0.1992073211         0.7263006922
        0.4562306296         0.2534309151         0.0653150404
        0.4424689800         0.1572064946        -0.0022074844
        0.4872668983         0.1292176487         0.7469919601
        0.1437503460         0.4624059635         0.5691604180
       -0.1374417780        -0.0291176655         0.4114286950
        0.2771820944         0.0312625073         0.5623308243
       -0.0553580254         0.7464381058         0.7213380828
        0.4142859891         0.8154625194         0.0496451573
        0.3150179706         0.5693089204         0.5425516155
       -0.2378151911         0.6774296735         0.2456170016
       -0.1623612511        -0.0622013770         0.0628817933
        0.4375561395         0.3880461660         0.0380230494
        0.4689849382         0.7754792779         0.5014309499
        0.1006163504         0.1175597981         0.0289694376
       -0.3275389983         0.7739515357         0.0946716364
        0.3844308556        -0.0814911554         0.0777054284
        0.2398288269         0.6837487179         0.7460138223
        0.0462443709         0.1242010137         0.2616422568
       -0.3070145239         0.1454692569         0.0916773034
       -0.1235537142         0.6721311387         0.6426896154
        0.0565123920         0.6520707617         0.5520505349
       -0.2063345244         0.0306456698         0.1569564006
        0.3457732459        -0.1179940505         0.7397851086
        0.0203750110         0.2499739169         0.1694695904
        0.2456422651         0.8377646169        -0.1785663458
       -0.3250862699         0.1887474395        -0.0303054773
        0.0029525664         0.7587551617         0.4739867872
        0.1470522541         0.6693876729         0.3242090333
        0.0750783584         0.7638953264         0.6960181536
       -0.0076914023         0.2945045400         0.4065454677
        0.5905129759         0.1255953142        -0.1503163888
        0.5608895782        -0.0004076062        -0.0418408545
        0.4651328329         0.2816709685         0.2856321661
       -0.1754412370         0.1307821842         0.1966103807
        0.3208332071         0.2235238770         0.5212008797
        0.5520361998         0.5500785914         0.4004334855
       -0.1893719005         0.3624557366         0.1582544669
        0.1733456138         0.3240185062         0.2741509822
        0.4061268284        -0.0438677992         0.3082974479
       -0.1751126858         0.2073229578         0.2421709918
        0.4333921000         0.3388903665         0.5765216067
        0.1240477972         0.0092375017         0.3927712692
        0.3988081228        -0.0682706123        -0.0156079549
        0.1932317770         0.2205926332         0.6649413459
       -0.3528857979         0.4139066852         0.4746840495
        0.2732956868         0.4887131253        -0.1021946456
        0.0588006498        -0.0838365503        -0.2150778528
        0.0110085820         0.2127224217         0.1131744719
        0.5141595401         0.4208429551         0.7189964994
        0.2473146230         0.3040553828         0.2165179425
        0.5289977804         0.4329851216         0.5072410204
        0.6068449186         0.3253842956         0.6707715271
       -0.3119965610         0.3449783561         0.6154288782
        0.4584209970         0.3028070048         0.2091370637
        0.2928350018         0.4730192031         0.2648860800
       -0.1297907770         0.0472252547        -0.0659917977
       -0.1388537836         0.6362515259         0.4231325787
       -0.0517330048         0.0144021149         0.3615546152
       -0.3377329920         0.5972627441         0.6355800203
        0.2193466046         0.2157359634         0.0936356551
       -0.0531058246         0.4380198567         0.1728398158
        0.2440084115         0.0392944144         0.2582334566
        0.4380420086         0.0709857036        -0.2458125092
        0.2948640064         0.7187309259         0.5586022423
        0.0810911779        -0.0817602085         0.6745470289
       -0.0371531633         0.7280021899         0.7211639335
        0.4947636760         0.7946361521         0.4970268100
       -0.3285849786         0.8060152604        -0.1135377152
        0.6242088003         0.6849132945         0.2700738594
       -0.2209241795         0.4679561863         0.3616178240
        0.3850792856         0.7100937026         0.4963889779
        0.1848541666         0.7378051977        -0.0102533237
        0.3367691984         0.4627121678         0.2026421516
        0.5849566118        -0.0009557002        -0.1763341246
        0.1041817740         0.4243129167         0.0932705749
       -0.2966993100         0.8176943280        -0.1715251111
       -0.1717930918         0.5952200635         0.2253673983
        0.3819034729         0.1306205507         0.5832892920
       -0.3657082345         0.2705702834         0.1642641796
        0.0093739835         0.2770144865         0.2051197990
        0.0247812291         0.6259395837         0.6299237130
        0.1475980602         0.1689077396         0.6985323517
        0.4710457233         0.2346287269         0.5125488983
        0.1277053850         0.6596357511         0.3085816680
        0.1898247885         0.2466228941         0.3804329023
       -0.2340608511         0.7656310003         0.4623686143
       -0.3691538388         0.3075969600         0.2318410892
        0.4596481388         0.1166511507        -0.0622769414
       -0.1038384690         0.3386146878         0.7445686930
       -0.0660946236         0.3819243739        -0.0833853314
       -0.1949204287         0.4941230987        -0.0520505656
        0.0310800777        -0.0471514228        -0.1396197847
        0.4488010651         0.8476851207        -0.0993118620
        0.6060582834        -0.1137631685        -0.1327853921
       -0.0583089412         0.0660428716         0.1532882675
        0.2157491295         0.4282891473         0.5350654286
        0.0323800138         0.4786890423         0.5210290560
       -0.2084158255         0.6651541948         0.2132985427
        0.1117033223         0.5771627167        -0.0643341567
        0.0247188067         0.8081702060         0.0108017550
       -0.1258368575         0.7385827280         0.0384013778
       -0.2030462053         0.2942450299         0.4085957112
       -0.3059363764        -0.0484102410        -0.1620352724
       -0.0862611091         0.1162125356         0.5349938481
        0.2952177401        -0.0108533286         0.4234896651
        0.3895263185        -0.0592890460         0.2660923391
        0.4284949274         0.8251090404        -0.1400637037
        0.1365875648         0.0953929748         0.1311250017
        0.6132512230        -0.0169111885         0.4367702247
       -0.0715093919         0.6408755719        -0.1926040123
        0.5501302544         0.7133283783        -0.2457649399
        0.2190427238         0.5638226661         0.2211445852
        0.3401124086         0.2710658392        -0.0005844745
       -0.1004440863         0.5219233879        -0.0975367273
        0.0364541656         0.5519253081         0.6707797787
        0.4579870549         0.2777179780         0.3572968011
        0.1234854117        -0.0834394382        -0.2001906309
        0.4030951104         0.1235749600         0.5929593366
       -0.1593788072        -0.1129577547         0.5584579328
       -0.1191384802         0.1729239584         0.1613730470
       -0.3018048183         0.1589163477         0.3300745449
        0.4674379582         0.7098676095         0.3928894518
        0.2674792271         0.2785934733         0.1132509474
        0.4093810509         0.1981317142         0.1283035555
        0.2827925763         0.5914314235         0.1021703435
        0.5980185799        -0.0538464501         0.0718919453
        0.3210157119         0.6274785088        -0.1259797293
        0.2435500614         0.2250848214        -0.1496329037
       -0.1486749540         0.1102182839        -0.1335596914
       -0.1387614909         0.6492883181        -0.0214040875
       -0.2813827028         0.1207149897        -0.0218417956
        0.1385067421         0.7797396421        -0.1104855293
       -0.2170913237         0.8320848829         0.1452330561
       -0.2867126330         0.2626626129         0.0526078257
       -0.3250865258         0.8004829156         0.2520038781
       -0.1536020949         0.4982020356        -0.1091736343
       -0.2067814597         0.4425340443         0.4551799112
       -0.2394746970         0.1612266025        -0.0470834881
        0.2326823694         0.7458519760         0.6454807901
        0.1445522272         0.2723491642        -0.0536783962
       -0.0868239927        -0.0754294980         0.5131497740
        0.4584850982        -0.0574338479        -0.0109737221
        0.0077435850         0.8182293170        -0.0929767339
        0.5665082061         0.4190927838         0.2661320662
        0.3624285436         0.3688420528         0.5815793859
       -0.2478427436         0.3644017682         0.4421387295
        0.5293580820         0.4510331257         0.3119187085
       -0.1946166453         0.4994719260         0.1805059705
        0.6048348502         0.8052934104         0.0823173608
       -0.2438094907        -0.1118757038         0.6439782342
        0.1313468605        -0.0196248019        -0.2229048405
        0.2768678510         0.2290577630        -0.0162251438
        0.5957882303         0.0282344195         0.5472129269
        0.0939454200         0.2353127779        -0.2120041189
       -0.0337363621         0.3168561593        -0.1679100401
       -0.0977112183         0.1082567648         0.2330967555
       -0.2282394304         0.7420783417         0.6253127256
        0.4345706107         0.7176276153         0.3244150306
        0.1226844544         0.7645923440        -0.0663931056
       -0.2640722962         0.6465056399         0.0333612739
        0.6048529452         0.8232190142         0.1436352913
        0.2800678126         0.4446721550         0.1435410961
       -0.1079313302         0.0907512079        -0.2217914659
        0.3732925142         0.5709700923        -0.1814273709
        0.2262944071         0.1323107210         0.0722920571
       -0.1800055328         0.4334683522         0.6139436767
       -0.0507635905        -0.0697250484         0.3078539832
        0.6170120175         0.0760524652         0.1409790334
       -0.0154976337         0.2222028307        -0.0015853791
       -0.1311771958         0.7486258050         0.3540342037
        0.6207561231         0.3320212967         0.4806866588
        0.0149930781         0.7098940682        -0.1044367142
        0.0495740765         0.3876411936         0.2692418140
        0.5490378768         0.7357405870         0.1907623997
       -0.2202171175         0.3412140173         0.5061392325
       -0.0888672252         0.7630608677         0.2382604996
        0.0542692276         0.4655601700         0.6548318367
        0.4088812259         0.5961696457         0.6708341302
        0.6215197092         0.5709125510         0.0668179719
       -0.0420895864         0.7328790416         0.1042417231
        0.3309385997         0.1003558479         0.0579692872
       -0.0320320927         0.0386767246         0.0866571495
       -0.0450636819         0.0780114684        -0.2115946677
        0.5503270827         0.7780603928         0.1988566134
        0.3444533708         0.2383869660         0.5762340908
       -0.3636101329         0.1795599735        -0.0116356315
        0.5070249915         0.2606854547         0.1480954513
        0.4952925057         0.0165895679         0.6932508229
        0.0646006456         0.7855256173         0.6977180949
       -0.3566036736         0.6693242500         0.2569138167
        0.4157127541         0.2928126784         0.4588079134
       -0.0507139263        -0.0224414124         0.4924285758
        0.1616067311        -0.0938139091        -0.0380826026
       -0.3040723055         0.8639313457         0.3079826673
       -0.2240075877         0.6527982277         0.3602223322
        0.2072778159         0.5105161233        -0.1365761711
        0.1303862278         0.3087387853         0.0669867309
       -0.2725900697         0.5652373498         0.5404993714
        0.5982082569         0.5553990014        -0.0783585647
        0.0709259779         0.4125136504        -0.0153418356
        0.5118985703        -0.0165592739         0.4562015702
       -0.2309287055         0.7439518426         0.5884834434
       -0.1200677563         0.1717496375         0.5781666052
        0.4283037286         0.4901831343         0.1551631944
        0.5944283232         0.0455863088         0.1485347557
       -0.1047506114        -0.1184313143         0.1735323092
       -0.0034830013        -0.0623040114        -0.1799489448
       -0.2426691373         0.2330301033        -0.1898444930
        0.1586905668        -0.0068275121         0.6588436117
        0.5456602219         0.0254153852         0.6544049394
        0.4558973223         0.0151641796        -0.1368445307
        0.4644413756        -0.0459019960         0.4535255693
       -0.2151381509         0.5487995986         0.3235641253
       -0.0466852878         0.8356798982         0.3097062981
       -0.1301286191         0.7071486046         0.0118488445
        0.3524013170         0.7263940819         0.6478578045
        0.2023624419         0.4074859427         0.1576812649
        0.4506028771         0.4808671653         0.6779725592
        0.3148202320         0.0713003078         0.2384865504
        0.0937248425         0.0270402464        -0.0213514008
        0.0852188442         0.2056059704        -0.1899508323
       -0.0981602483         0.7457152146         0.2010223526
        0.0943469895         0.1603052903         0.5403183281
        0.5241135439        -0.0386983358         0.5578276649
        0.3627388920         0.1679114207        -0.2081575173
        0.1024866321         0.6488259054         0.1400245292
       -0.0116768794         0.2021608734        -0.0317988981
       -0.1038826349         0.1629684221         0.1547182781
        0.2928323590         0.4981533801         0.0838432462
        0.1742192253         0.7784182049        -0.0524903399
        0.5301059530         0.5665743334         0.2053333243
       -0.1657012247         0.7721352440         0.0184374132
        0.4637209795         0.2132481583         0.2797545501
        0.5345873701        -0.1166461368        -0.2046196576
       -0.0046628332         0.8170510873         0.4781723819
        0.3072234642         0.1817780042         0.6505369536
       -0.0910993964        -0.0900690375        -0.0945957860
       -0.1025978505         0.5572975900        -0.1220991369
        0.2964698829         0.6895493125         0.3794098288
        0.2746795952         0.3944575092         0.2848488682
       -0.2678863877        -0.0375609086         0.3729622360
        0.3129605261         0.2879713785         0.5051646526
        0.1648063252         0.4755360564         0.3716117825
       -0.2607889548         0.7622127236         0.5195944118
       -0.0368082050         0.2884517075         0.0168286413
        0.2724859552         0.8677301491         0.3057389679
        0.2544166510         0.1517343408         0.2620174005
        0.3478881557         0.7317217009        -0.0931067956
        0.3350563653         0.2080243721         0.5256817321
        0.4689354760         0.4394970802         0.5433517677
       -0.1739951459         0.0938746693        -0.1609221970
       -0.0272544051         0.4749598820        -0.0426313284
        0.5205654592        -0.0508697564         0.4629253398
        0.0837542212         0.8673941879         0.6525392074
       -0.1156943892         0.2182945573         0.4249343152
       -0.0042217816        -0.0294066946         0.3977754263
        0.1249149196         0.4766745849        -0.0140243880
        0.4417725355         0.3798437792        -0.1092727488
       -0.3001256488         0.1901906279         0.2776369916
        0.3122831349         0.2842073352         0.3343079940
        0.2434911194         0.1491560419        -0.0188516955
       -0.0892433463         0.5108762277         0.6799282761
       -0.3238601019         0.5836333163         0.7421830827
       -0.3564822684         0.5125294209         0.5718410148
        0.5138046996         0.1041835003         0.1477357647
        0.6198641447         0.1354728676         0.6330416210
        0.3178418383         0.1444833007        -0.2264059873
        0.1185214879        -0.0224375209        -0.1016587109
        0.5718185101         0.4046670346         0.4836923152
       -0.3713630106         0.0252469949        -0.0930595673
        0.4445355361         0.0950675028         0.3892785144
        0.2728662510         0.3809351520         0.5013379938
       -0.0828325293         0.0700783433         0.3459471224
        0.0344407808         0.4250047465         0.1914610502
       -0.1824915813         0.2772292948        -0.0579218136
        0.2094365256         0.7134646862         0.0078327683
       -0.2636174699         0.8591835635         0.3573235578
       -0.3572986329         0.8743835877         0.0637668642
        0.4323906357         0.7107575869        -0.0860937509
        0.0769115247        -0.0818134797         0.0490749596
       -0.2981793588         0.5613898633        -0.0981180612
        0.4588211771         0.5050055999        -0.1024173179
       -0.0244737286         0.6418087841         0.6146525413
        0.4102549746         0.2680367078         0.1850280336
       -0.3523325954        -0.0268230641         0.4020958933
        0.2775033526         0.4089802604        -0.2034430544
        0.3353690735         0.4110221002         0.2160627870
       -0.1523831611         0.1904882230         0.0332374448
       -0.0473936138         0.3574040173        -0.1608526665
        0.1831855193         0.0662860994         0.5485630996
        0.0775836980         0.5634095034         0.6057013113
        0.0702718507         0.2362347958         0.5438478061
       -0.0810649053         0.6313147904         0.0883410540
        0.1810727031         0.7486583164         0.2029967623
        0.4910496480         0.2467063069        -0.0304411825
        0.2528087982         0.7957734349         0.5165666952
        0.2434442755         0.1952115745         0.0933106293
       -0.2213860574         0.1438415485         0.3851764387
        0.5053834645         0.5014863560         0.2780754720
        0.4217313384         0.8345311168         0.3603317247
        0.5142007555         0.0645188473         0.7358619401
       -0.0159859590         0.8104523348        -0.1448879731
       -0.2960308907         0.8127042606        -0.0282832484
        0.5416364063        -0.1032012525         0.3327767185
        0.1228950574         0.5266802454         0.7220650148
       -0.1375395557        -0.0003867685         0.3434024450
        0.0507708776         0.5204414163         0.3692310294
       -0.1150423071         0.7902944079        -0.0479585460
       -0.3680239363         0.0390111268         0.1582271396
        0.1363883614         0.5934180219         0.1365569582
        0.4424015615         0.2324613140         0.6715589442
       -0.0971415816         0.2287314128         0.0179146249
        0.0429945799         0.4411592061         0.7344972962
       -0.1705832919         0.2215960005        -0.1619461880
       -0.0391116619         0.3694795874        -0.1253564618
       -0.0179841493         0.0214434345         0.5933435326
        0.5761553799         0.2599828762         0.1162235637
       -0.3158340131         0.4589400854        -0.1880978263
       -0.1788346957         0.6701305649        -0.2294089170
        0.1838561136         0.4481330711        -0.1594469230
       -0.3709804471         0.8693600604        -0.0860703167
       -0.2277419847        -0.1013884640         0.0894259580
        0.3466670800         0.2942760850        -0.2346377267
        0.0491391984         0.3789409569         0.3928242757
        0.5730650296        -0.1039607782         0.0543704528
        0.3333295671         0.4767966591        -0.1715333890
        0.3271998733         0.3461968775         0.0453888477
        0.1978462327         0.8518000342        -0.0350778125
        0.0907914265         0.8344164698         0.7135059553
       -0.1165654595         0.7801283013         0.7423027473
       -0.2977977005        -0.1124613118         0.5959719455
        0.3145590543         0.5806613911         0.4460355972
        0.1357934460         0.4817777748        -0.2352413664
        0.5981513568         0.6899823910         0.2390327400
        0.5854144502         0.7177405742         0.4283938010
       -0.0115777258        -0.0804440622         0.2593205459
       -0.1694556336         0.0649148538        -0.0002034407
        0.2683691735         0.3713613230         0.4062870866
        0.2660200318         0.6716931821         0.4778409694
        0.3099042936         0.3775541375         0.1323289054
        0.4844676458         0.5936227886         0.2707561455
        0.2135808716         0.5980438080         0.1153827513
        0.3316956473         0.8081422829         0.4622479653
        0.5672242340         0.8302064610         0.5299174730
       -0.2176298275         0.5693050193         0.4301676082
        0.4027773387         0.3166701669         0.1027953854
       -0.0549657532         0.4998849405         0.5476619122
        0.4605784087        -0.0395303804         0.5475324805
        0.4935179995         0.0508127437         0.4291015621
        0.3201708225         0.1366177420         0.1593449599
        0.4658919372         0.3550532123         0.1777541536
       -0.3716614206         0.2294300279         0.4421363128
        0.0126550466         0.5239150814         0.5854771213
       -0.0169509610         0.5750891557        -0.1626697702
        0.3586665623         0.2531131933         0.1423672930
        0.1300595261         0.4214825816         0.0922924746
        0.1814349626         0.8661409958         0.1827293181
        0.4260912837         0.1729213505         0.0871863590
        0.1702585062         0.0022788527         0.2198923763
       -0.1048010639         0.2406330841         0.2140601008
        0.1496666661        -0.0957356398        -0.0804097220
        0.1966618712         0.3653916132         0.7104143972
        0.4819525550         0.1503007994         0.7142906784
       -0.1007473409         0.4754706683        -0.0717303602
        0.2021492219         0.4309246591         0.4880784927
        0.3584554082         0.3998911609         0.2960902788
       -0.3165379007         0.3784967225         0.2622095703
       -0.1509341269         0.5185553873        -0.0146541914
        0.3515597477         0.4506247028        -0.0971120766
        0.2171942690         0.0944992260         0.2696669446
       -0.2587928348         0.2003049259         0.4941581683
        0.0932538023         0.6563708462         0.5419428290
        0.3704780660         0.7127277852        -0.1465798263
        0.3719570365         0.1102349034        -0.0711559311
       -0.1028611987         0.0774585975         0.0277635465
        0.4141857517         0.3843044480         0.6392004883
        0.1087112672         0.8286260080         0.4240667453
       -0.2763649855         0.6281993659        -0.1291704846
        0.3301076577         0.2235235888        -0.1917556644
        0.1052172303        -0.0600636682         0.4052490244
        0.4569076761         0.4741486599         0.5201059530
        0.5423069375        -0.0166532019         0.6505747866
        0.3003108729         0.1566580816         0.3029040143
        0.5441190846         0.6392117579         0.7212364599
        0.6121664262         0.3693176808         0.1436295282
        0.4163095044         0.0701519117         0.3895519857
       -0.2238455806        -0.1067474600         0.3768365770
       -0.0564376744         0.3644725411         0.5801355983
        0.2053893861         0.1113700002         0.0388030899
       -0.2572219600         0.6838965969         0.4865467268
        0.5619313886         0.5325616832         0.3855272021
       -0.3390699622         0.0487213010         0.0236494812
        0.4350766309         0.7262090837        -0.1476067099
        0.4750195491         0.7457237571        -0.1251966404
        0.1848530725         0.8447817936         0.2380267770
       -0.0103938162         0.7630980978        -0.1911336275
       -0.2365749233         0.7664360313         0.1223793099
        0.4755765647         0.2210397887         0.4482862298
       -0.2566606386         0.0657378052         0.3049053979
        0.0700634725        -0.0908399516         0.7166537934
       -0.0807143673        -0.0116750718         0.4769870256
        0.5001357253         0.7834116552         0.1168968322
        0.0950378263        -0.0487757771         0.3527173279
       -0.0659559159         0.1482709388         0.4883621679
        0.0572441587         0.0107572735         0.5845323638
        0.4688532762         0.7204557738        -0.2223481073
        0.3070434031         0.5731161393         0.4016877129
        0.4857571435         0.4118736521         0.0698102565
       -0.1480924312         0.5158722428         0.5908980796
        0.3200154341         0.0308141629         0.4572762676
       -0.0311028973         0.5057026251         0.4209464977
       -0.2737252951         0.7438524572        -0.0027945579
        0.3209616136         0.7800437342         0.1748496986
        0.5040734315         0.1996843288         0.2532797808
       -0.2732027919         0.5963762490         0.0827070413
       -0.2585962373         0.2325142763         0.6254827416
       -0.0324081674         0.1306956615         0.0356090980
        0.2870043526        -0.0150719565         0.1964739016
        0.4161240526         0.8474275236         0.3984875732
       -0.3019057129         0.1032200434        -0.0030749863
       -0.3244443125         0.3870475450        -0.1335606819
        0.4399834885         0.3711233865         0.5297437717
        0.3804696314         0.7320099408         0.6876768662
       -0.2647715385         0.3051678061         0.1480034519
        0.0521839192         0.4766983411         0.4101893823
        0.4137074484         0.1115071881         0.1562237906
        0.3573647899         0.4158043129         0.7164261304
       -0.3003960969         0.6038985517        -0.0099000949
        0.1076542880         0.8055570410         0.0298428879
       -0.0142365256         0.5968376972         0.5773805796
        0.1622757808         0.5707123716         0.5100448176
       -0.1449648665         0.4798766491         0.1793918082
       -0.1257504806         0.2511140742         0.0470174337
        0.3611078098         0.5525467267         0.0477459853
       -0.0637493013         0.4907212764         0.2619664035
        0.5400347078         0.2237563326        -0.2319627697
        0.4790239168         0.6033127658         0.0903542379
       -0.1400578932         0.1868020227         0.1312580381
       -0.1208631645         0.4599125949         0.0299334681
 
