-2.109998381728300787e-02
-2.190368379615816041e-02
-2.149104551116098882e-02
-2.153118542887964490e-02
-2.249788342057602170e-02
-2.238301828438311533e-02
-2.237711125141963325e-02
-2.213794993238228995e-02
-2.170435235002471028e-02
-2.194454738652850193e-02
-2.249338998731151978e-02
-2.248679535152447659e-02
-2.270926614512324207e-02
-2.404734593508434451e-02
-2.307978468163957020e-02
-2.308381124328593575e-02
-2.332341556075281930e-02
-2.327699755223814823e-02
-2.392893822947516486e-02
-2.391743179198297167e-02
-2.328529336479511977e-02
-2.544226490888731179e-02
-2.393288339735995252e-02
-2.554339170195537440e-02
-2.554602353513792806e-02
-2.496238781658916342e-02
-2.419888190733133007e-02
-2.426982975777341317e-02
-2.404268109260006281e-02
-2.631499094541967301e-02
-2.626980671895226549e-02
-2.624853148678364667e-02
-2.703309584115261635e-02
-2.655867562575476432e-02
-2.557409679506970207e-02
