0.000000
0.000000
3.223398
3.223398
551.686663
551.686663
638.493050
638.493050
869.369361
869.369362
1167.837011
1167.837011
1256.753013
1256.753013
1645.898782
1645.898782
6530.036550
6530.036550
6720.609182
6720.609182
6781.126781
6781.126781
6904.319642
6904.319642
7021.068770
7021.068770
7037.967048
7037.967048
7256.790168
7256.790168
11996.430657
11996.430657
12001.197021
12001.197021
12113.596300
12113.596300
12211.262887
12211.262887
12342.592602
12342.592602
12415.431606
12415.431606
16131.279575
16131.279575
16308.424934
16308.424934
16901.100979
16901.100979
16963.184663
16963.184664
17253.445457
17253.445457
22266.632148
22266.632148
22303.889267
22303.889268
22363.982808
22363.982808
22415.577726
22415.577726
22530.645736
22530.645736
25834.387557
25834.387557
25848.273056
25848.273056
26121.255854
26121.255855
26121.308553
26121.308553
26165.590604
26165.590604
26281.862799
26281.862799
28799.703979
28799.703979
28904.396922
28904.396922
28915.117003
28915.117003
30748.104138
30748.104138
30760.263453
30760.263453
30931.312585
30931.312585
31011.732014
31011.732014
31283.339604
31283.339604
31364.717306
31364.717306
31549.291203
31549.291203
31725.548050
31725.548050
35509.276672
35509.276672
35673.428315
35673.428315
35694.197672
35694.197673
35819.935536
35819.935536
36004.971573
36004.971573
39164.224854
39164.224854
39215.246927
39215.246927
39520.063925
39520.063925
39652.621312
39652.621312
42108.658672
42108.658672
42323.549774
42323.549774
42380.330409
42380.330409
51484.645607
51484.645607
51550.305148
51550.305149
51612.002585
51612.002585
51769.556447
51769.556447
54335.843404
54335.843404
54356.758174
54356.758174
54659.887060
54659.887060
56486.583831
56486.583831
56500.053800
56500.053800
57713.748028
57713.748028
