2.003065717139193680e+00 -1.554589858883981789e-02 -2.676087485851954412e-02 3.162884145539078540e-03 -3.289426428848893271e-03 -5.206515590684332711e-04 2.684433313333123728e-03 -2.806409471000831813e-03 -5.721524983778187570e-04 -1.195235474137752528e-05 -2.327253640668128690e-05 -9.367042091309340417e-06 7.521165036373918348e-06 1.553735217492839346e-06
-1.554589858883981789e-02 4.426728636380415915e-01 5.745762560438812949e-01 1.234006171583162427e-02 -1.489955570943565788e-02 -2.628678658036039898e-03 1.863132904382199971e-03 1.951366080951455776e-04 -6.057366447624771080e-05 -1.735014234238779415e-03 1.472595244721603813e-03 -4.757342188099347800e-05 1.910372809735423920e-03 3.476688700530949921e-05
-2.676087485851954412e-02 5.745762560438812949e-01 7.466694192816581976e-01 -2.512897000253799633e-03 -1.516362505797109756e-04 -3.547947161176301118e-04 -1.205704549228673282e-02 1.548259857638597213e-02 3.044718052893856473e-03 -2.117797815024404125e-03 1.889687973200117853e-03 1.603624638569269158e-05 2.493605179950680525e-03 1.070804089029535550e-04
3.162884145539078540e-03 1.234006171583162427e-02 -2.512897000253799633e-03 8.263792654065615917e-01 -2.251750041942782166e-02 4.092906158457042254e-02 6.587349193190548124e-01 2.929013625986528514e-03 -5.546039769473660140e-03 -4.877765155548554991e-03 -6.041112857830754305e-04 -1.140941942583493162e-03 -6.842054880638751349e-04 1.968126470652838047e-03
-3.289426428848893271e-03 -1.489955570943565788e-02 -1.516362505797109756e-04 -2.251750041942782166e-02 8.077956686912426409e-01 8.773916537882958319e-03 2.884874254236448679e-03 6.618154420095155865e-01 -7.832371157802796736e-04 1.374942226200729246e-03 -6.176694359904555962e-04 2.580291275249943245e-03 -4.499785144327876217e-04 4.553814672085362836e-03
-5.206515590684332711e-04 -2.628678658036039898e-03 -3.547947161176301118e-04 4.092906158457042254e-02 8.773916537882958319e-03 8.214683539666407519e-01 -5.595180327560564555e-03 -7.766635744310069122e-04 6.596397410374615911e-01 -6.074483630945192022e-04 -4.969682980373577898e-03 -1.512791607183715291e-03 1.497415154927467761e-03 1.568172220808001604e-05
2.684433313333123728e-03 1.863132904382199971e-03 -1.205704549228673282e-02 6.587349193190548124e-01 2.884874254236448679e-03 -5.595180327560564555e-03 5.275801142416214340e-01 1.963210590318178322e-02 -3.547932425853761451e-02 -3.809545555271083139e-03 -2.917272165590688348e-04 -7.740032598019910056e-04 -6.632574211270029487e-04 1.692735269692166285e-03
-2.806409471000831813e-03 1.951366080951455776e-04 1.548259857638597213e-02 2.929013625986528514e-03 6.618154420095155865e-01 -7.766635744310069122e-04 1.963210590318178322e-02 5.431977999650595690e-01 -7.992445085025331325e-03 9.606238083611593360e-04 -4.281766930844088767e-04 2.102987294734051573e-03 -3.513290918581433758e-04 3.789037964979390105e-03
-5.721524983778187570e-04 -6.057366447624771080e-05 3.044718052893856473e-03 -5.546039769473660140e-03 -7.832371157802796736e-04 6.596397410374615911e-01 -3.547932425853761451e-02 -7.992445085025331325e-03 5.315930613004674621e-01 -2.848159802417191784e-04 -3.959599620277806827e-03 -1.193364905879529519e-03 1.253874394206570255e-03 -1.293992479620622996e-04
-1.195235474137752528e-05 -1.735014234238779415e-03 -2.117797815024404125e-03 -4.877765155548554991e-03 1.374942226200729246e-03 -6.074483630945192022e-04 -3.809545555271083139e-03 9.606238083611593360e-04 -2.848159802417191784e-04 3.697180777871111027e-05 -5.044263435267662364e-07 1.131204284982682546e-05 -4.517039485104904281e-06 -4.790039346115821684e-06
-2.327253640668128690e-05 1.472595244721603813e-03 1.889687973200117853e-03 -6.041112857830754305e-04 -6.176694359904555962e-04 -4.969682980373577898e-03 -2.917272165590688348e-04 -4.281766930844088767e-04 -3.959599620277806827e-03 -5.044263435267662364e-07 3.539475013269746076e-05 7.818203821303022807e-06 -2.086949264994541896e-06 -3.937201914617521885e-06
-9.367042091309340417e-06 -4.757342188099347800e-05 1.603624638569269158e-05 -1.140941942583493162e-03 2.580291275249943245e-03 -1.512791607183715291e-03 -7.740032598019910056e-04 2.102987294734051573e-03 -1.193364905879529519e-03 1.131204284982682546e-05 7.818203821303022807e-06 1.232689149308318545e-05 -3.282807626130322865e-06 1.208669139430710424e-05
7.521165036373918348e-06 1.910372809735423920e-03 2.493605179950680525e-03 -6.842054880638751349e-04 -4.499785144327876217e-04 1.497415154927467761e-03 -6.632574211270029487e-04 -3.513290918581433758e-04 1.253874394206570255e-03 -4.517039485104904281e-06 -2.086949264994541896e-06 -3.282807626130322865e-06 1.204285271493924829e-05 -4.181589903902420667e-06
1.553735217492839346e-06 3.476688700530949921e-05 1.070804089029535550e-04 1.968126470652838047e-03 4.553814672085362836e-03 1.568172220808001604e-05 1.692735269692166285e-03 3.789037964979390105e-03 -1.293992479620622996e-04 -4.790039346115821684e-06 -3.937201914617521885e-06 1.208669139430710424e-05 -4.181589903902420667e-06 3.102784742727621896e-05
