0.000000
0.000000
0.000000
0.000000
39.628778
39.628778
39.628778
39.628778
66.948988
66.948988
66.948988
66.948988
70.224317
70.224317
70.224317
70.224317
132.568343
132.568343
132.568343
132.568343
277.953124
277.953124
277.953124
277.953124
280.797981
280.797981
280.797981
280.797981
422.886417
422.886417
422.886417
422.886417
497.009686
497.009686
497.009686
497.009686
500.081624
500.081624
500.081624
500.081624
500.778151
500.778151
500.778151
500.778151
507.111740
507.111740
507.111740
507.111740
534.057300
534.057300
534.057300
534.057300
14738.678115
14738.678115
14738.678115
14738.678115
14782.855429
14782.855429
14782.855429
14782.855429
