-2.939918883507941505e+00
-2.939693709621431950e+00
-2.939607555467974809e+00
-2.939708506559532974e+00
-2.939326927230469177e+00
-2.939505186878160981e+00
-2.939498113224946696e+00
-2.939005121176033075e+00
-2.939003624662252179e+00
-2.938885482927738213e+00
-2.939200419590585867e+00
-2.939244879607473049e+00
-2.939249280342846493e+00
-2.955909477886726755e+00
-2.955761911628548066e+00
-2.955760053048892555e+00
-2.955752690374874092e+00
-2.958705757410297732e+00
-2.955669909031648501e+00
-2.955668861557335436e+00
-2.955456034758515038e+00
-2.966534795104082800e+00
-2.966416926940394383e+00
-2.966412497131834414e+00
-2.965973466003305692e+00
-2.965790044101872525e+00
-2.965970321108448271e+00
-2.965798200924736339e+00
-2.965795290518898675e+00
-2.965836433907824699e+00
-2.982295689063570787e+00
-2.982295819628367095e+00
-2.982348612522112141e+00
-2.982116602313102938e+00
-2.981866123644343336e+00
