1.000509825345927473e+00 -2.014563057962081086e-02 1.282570644973160404e-03 2.316181569833678996e-03 9.018741661942316539e-04
3.316429258261876806e-04 4.643619179675717579e-01 7.125101348391229932e-03 1.658082300446298007e-02 5.141814925872678632e-03
-2.258215935908190405e-03 6.164816857921341375e-01 1.370581870767487468e-03 6.673358305169818129e-03 1.119409987478693028e-03
4.461651902377011700e-05 5.276844808274256705e-03 2.922051992156629030e-01 -4.232005045943726396e-01 3.692320430430921507e-01
-1.348354414444535886e-04 -1.351483494871302468e-02 2.151534488182123561e-01 4.681074429267612080e-01 3.642214735910949686e-01
-2.878167055553979302e-05 -2.626839047782050622e-03 5.181902449975140934e-01 3.838091719738201402e-02 -3.594048187837605157e-01
-2.301262544724471141e-05 3.136530269024754517e-03 2.390007766281406487e-01 -3.492912441692111458e-01 3.081357050750482829e-01
5.947088731288839846e-05 -1.161067382289730776e-02 1.815720538769680370e-01 3.892475658184784693e-01 3.028847483238029659e-01
1.356460247218874623e-05 -2.532601995405806602e-03 4.295612188301299872e-01 3.585380833871115724e-02 -2.995729074745035470e-01
-1.004744255600988184e-05 -1.967447825505689186e-03 -2.248234409881799071e-03 3.819297533175579785e-03 -1.437655372343393670e-03
4.871487157539962929e-06 1.623184605556958048e-03 -4.204620871214696798e-03 -1.531801456096342612e-04 1.790668906201044359e-03
-3.464120942522714675e-07 -3.090950895081257048e-05 -1.070373687297093484e-03 2.217500426437441635e-03 1.415272418140790843e-03
1.399060972658625719e-05 2.272462959234891871e-03 5.586667507642835125e-04 -1.414051957028940136e-04 -1.353560610348243046e-03
2.581638267089506807e-06 7.056350430837570777e-05 2.209192570386837601e-03 1.460816577904129263e-03 3.202981765892333639e-03
