 3D1     Ewald 
 1  0.0  1.0E-12  1
        9.7058164316         9.7338747400        12.2261285127
  113.2410   113.1967    90.3675
12
Li           0.3747174000         0.1228980200         0.7462956800    1.000  0  0
Li           0.6252826000         0.8771019800         0.2537043200    1.000  0  0
Y            0.1245757900         0.3745110000         0.2494134100    3.000  0  0
Y            0.8754242100         0.6254890000         0.7505865900    3.000  0  0
F            0.4586400700         0.7638208000         0.5869553500   -1.000  0  0
F            0.2643159300         0.6321515500         0.0881555800   -1.000  0  0
F            0.8709832100         0.6766149700         0.4123660600   -1.000  0  0
F            0.8233158900         0.9559992100         0.0882493300   -1.000  0  0
F            0.5413599300         0.2361792000         0.4130446500   -1.000  0  0
F            0.1290167900         0.3233850300         0.5876339400   -1.000  0  0
F            0.1766841100         0.0440007900         0.9117506700   -1.000  0  0
F            0.7356840700         0.3678484500         0.9118444200   -1.000  0  0
800
        0.8484071907        -0.0118640989         0.7449846014
        0.5446473999         0.5905440534         0.9747899136
       -0.1057677356         0.5668264241         0.3464467645
        0.7315402035         0.0833785949         1.0228576960
        0.2079930914        -0.1088522631         0.6273691451
        0.1374440225         0.2748315337         1.0073215564
        0.3899534949        -0.0108063629         0.7419020956
        0.1658545212        -0.1431520465         0.4464163492
        0.7189688302         0.2780783624         0.9816777346
        0.8505566915         0.4649952777         0.3128948517
        0.7997534070         0.2657416571         0.5379342890
        0.7756483161         0.1852895964         0.8276744958
        0.4746618878         0.0850914601         0.6645528836
        0.6176865661        -0.2923501255         0.4226493756
        0.1608608758         0.1064525122         0.3661061867
        0.6622573063         0.2119513096         1.0467005189
        0.7776215034        -0.0887360642         0.4863104051
        0.3466146676        -0.0494783545         0.7516079621
        0.0462158518         0.4961543292         0.9506451327
        0.2641301329         0.0932640590         0.2947061557
        0.3693567389         0.2169196869         0.9932324165
        0.3837222647         0.1430828643         0.5996712602
        0.1882325475        -0.3752361265         0.8940682226
        0.8471666665        -0.2087276869         1.2076080678
        0.2803820933        -0.0150106003         0.6270835267
        0.0211449869         0.5743291526         0.8400449686
        0.5083952059         0.3006713255         0.6690011070
        0.6062582883         0.2288828117         0.9996593543
        0.2753014576         0.0937254042         0.8660557446
       -0.0201280525         0.2126302969         0.4072037787
        0.0319208850        -0.2243420265         0.2883599830
        0.5162615321         0.2787513938         0.8899425738
        0.3268940179         0.1758303680         0.9140152525
       -0.0051677729         0.1143531351         0.6336209213
        0.8279963538        -0.1968297986         0.5731796987
       -0.0525711862        -0.0043187706         0.5521835718
        0.3914825322         0.3630200772         1.0401364685
        0.4621579265         0.0747852412         0.4128386519
        0.6795983842        -0.0515562094         0.9242856868
        0.0913470599         0.0297594412         0.6668872490
        0.2730368874        -0.1215093565         1.1701859197
        0.7130602991        -0.3746172889         0.4731469787
        0.5568393611        -0.1276758979         0.6391101909
        0.2398823599         0.2087654873         0.4185273666
        0.6624450081         0.2414787924         0.6673964521
        0.4014640809         0.3997741860         0.8662940158
        0.6453919413        -0.3713499565         0.8594298910
        0.4350879407        -0.1748670280         1.1411710467
        0.4465292156         0.5581606906         0.2476834809
        0.3308275064        -0.3702330270         0.3671021821
        0.6005063281         0.0110467344         1.0843747806
        0.4956668433        -0.1119787159         0.6173624628
        0.1568578033         0.1927105491         0.8280028520
        0.5353068218         0.2722645102         0.6032638465
        0.4036289030         0.4653676630         0.9587827219
        0.0915605948        -0.2096264241         1.0424612544
        0.1321158103        -0.0507488098         1.0723594700
       -0.0771576206        -0.3191168012         1.0888628698
        0.8463479678        -0.0591597625         0.4044581352
        0.4911272475         0.5800025449         0.2703486814
        0.2544258467        -0.3155803675         0.4892011353
        0.3862230276         0.2801417884         0.3268258881
        0.7624878486         0.4214533447         0.8747403315
        0.4533526720         0.4889062540         0.3945057967
        0.5062661151         0.2476238714         0.5238773297
        0.3114406629         0.1766917638         0.3647086642
        0.6301709093        -0.2845446232         0.5223670928
        0.8623070461        -0.1929491011         0.5242690029
       -0.1215354375        -0.1100349464         0.8651283746
        0.0762226052         0.4406901706         0.3300620570
        0.5777204322        -0.0997228435         1.0457079296
        0.2814287076        -0.2361555286         0.4745490686
        0.1119990953         0.2604974920         0.4498722592
        0.4433281214         0.0815958570         1.0691171964
        0.7734330516         0.3710393542         0.8209309846
        0.2488260234         0.0610057953         0.5600561142
       -0.0347788514        -0.2402925280         0.9843955499
       -0.1197550561        -0.3747125445         0.3138877697
        0.0161825458        -0.1303938647         0.9433706482
        0.0040051575         0.0710306741         0.6199246040
        0.7806517008         0.1222068815         0.4496903090
        0.1350814370         0.2748618304         1.2161625116
       -0.0630756225        -0.0731198978         0.6021674111
        0.2818646547         0.6150600363         0.6374948386
        0.4179171679         0.2671498715         0.6508590902
        0.3195906279        -0.1693884654         0.5004772422
        0.0078518136         0.0507893358         1.0974952702
        0.3426887670         0.6098743913         0.6282564013
        0.0666223080        -0.1248782417         0.5704144255
        0.6099685211         0.3317845287         0.5609176248
       -0.0002410725         0.5269895156         0.4183542931
        0.5751083706         0.4406977477         0.8264814879
        0.2731236459        -0.0940372311         0.7131518793
        0.1211211393        -0.2658240873         0.4723371262
        0.1009970914         0.4662872318         0.3464210386
       -0.0733157021         0.1294598010         0.4972118601
       -0.0215826341         0.4501827477         0.7855963392
        0.1292301398        -0.2600914984         0.3745212483
        0.2153756707         0.2391633478         0.7222415904
        0.5738586222        -0.2935217930         0.9799127887
        0.8617319731         0.4779025671         1.1135941175
        0.0840579031        -0.3000468951         0.5361961223
        0.8629312648         0.2873840825         0.8089098876
        0.7086985626         0.0778025354         1.1319357230
        0.5700339344         0.2752311995         0.5736498154
        0.2866210775         0.2950558437         0.3509408536
        0.8346725557        -0.2527236335         0.6895585517
        0.3761213042        -0.0434312663         0.3715101251
        0.7907029327         0.2788585392         0.7198916518
        0.5720494417         0.3992043519         0.7679382786
        0.7488963285        -0.1433171959         0.8776611380
        0.4879235517         0.4535137628         0.9090801705
        0.4193606737         0.2616214764         0.2490362111
       -0.0896494110        -0.0142415720         0.9623223248
        0.8200875446         0.3599526074         0.8099636049
        0.8730096812         0.3915006452         1.1888013579
        0.5008363417        -0.1486405573         0.4431957221
        0.1154762512        -0.1156102500         0.6246627406
        0.3650732194        -0.2858031259         0.2855965318
        0.6460368677        -0.1295946953         0.5758468020
       -0.0705970349         0.4035364437         0.3206854813
        0.4408216250         0.2643479068         1.1579214316
       -0.0928923315        -0.1124579669         0.5806958024
        0.7079992350        -0.0642701228         0.4402852830
        0.7202092118        -0.2761677737         0.2595237527
       -0.0448327404         0.5444015159         1.1404483335
        0.0281560724         0.5688597568         0.7281151538
        0.4030995672         0.0487808914         0.3541595789
        0.0733046069         0.3044654530         0.2575130070
        0.4985701013         0.2397729488         0.7268575775
        0.6386199013        -0.1452569591         0.6975606063
        0.7278323542         0.4357816953         1.0634510438
        0.3292018252         0.2064976999         1.1192031190
        0.7384358450         0.0601604083         0.9689773716
       -0.0714119203         0.4349121210         0.9328200955
        0.1097041923         0.2508457876         0.3599345212
        0.8679922361         0.0029967971         0.7751057794
        0.7465610641        -0.2685939726         0.5516221216
        0.1487749073        -0.0739052209         1.0355805184
        0.6210282630         0.5343762405         1.0218874058
        0.1851312672         0.1278497084         0.4800967294
       -0.0950114760         0.1931952056         0.9415132960
        0.7621814104        -0.2748888723         0.9913137315
        0.3393264893        -0.3019879153         0.5920422536
        0.5403841288         0.3105277781         0.2491019848
        0.5900980015        -0.1402438585         1.0362162733
        0.2206932468        -0.0827291324         0.7002602538
        0.7395912580         0.5648182886         1.1804696106
        0.7581100352         0.1986440395         0.7832817667
        0.1268035127         0.6110115662         0.8199507311
        0.3145201881        -0.1423522474         0.4919517995
       -0.0015639160        -0.2783333214         0.2792351128
        0.1006976314         0.3061205973         0.5488387910
       -0.0815170185         0.2963536063         0.7218514906
        0.6854946482         0.2012440828         0.5725730103
        0.1623579463         0.1310444519         1.2315800830
        0.1666833147        -0.3085466756         0.3503248131
        0.3446210197         0.4060387509         0.7796730010
        0.4705408110         0.5980738457         0.9369049893
       -0.0305024533         0.3415263282         0.8216338588
        0.7648565339         0.4857971840         1.2034019639
        0.7059737640        -0.3577818442         0.4300284653
        0.7378814408         0.0643010764         0.4726841794
        0.3446947587         0.5186358565         1.2327157808
        0.4669645675         0.5900816193         1.1618722887
        0.0546793831         0.0651064288         0.4335992172
        0.0824957750         0.1337726041         0.7418836080
        0.0711166101        -0.0361546894         1.0874794541
        0.4257482332         0.1848700568         1.0084087860
        0.4593854428         0.2642585066         0.2835907349
        0.3121788420         0.4186205045         0.6966784228
        0.0281394156        -0.3466608428         0.9959524297
        0.0985202902         0.5921304703         0.8014860208
        0.8689654699        -0.0603068094         0.6734789156
        0.8337203390         0.5209539843         1.2367949459
        0.3450122504        -0.2767421970         0.2817577441
        0.7745879931         0.3749224058         1.0418741092
        0.0675881934         0.1101442644         0.4131038373
        0.3181269474         0.0257425244         0.4275121647
        0.1953137328         0.1629293611         1.1804327516
        0.0085439372         0.0608953277         0.8550558812
        0.8486794057         0.2333136994         0.9914835180
        0.7068165783         0.1829718147         0.7901626533
        0.3810591540        -0.1120467069         0.9044770031
        0.3235747426         0.1587789745         0.2495125357
        0.3274053640         0.4209944155         0.5459650270
        0.0956399930         0.6076911018         0.9330924014
        0.7041192035         0.1219841566         0.6450631042
        0.6314968875         0.5428417505         0.4782985023
        0.4457863671         0.0051303990         0.5441840100
        0.5256061708        -0.0034982145         0.7112870770
        0.0184049548        -0.0210132460         1.0620767568
        0.5839722555         0.5591928578         1.2367419478
        0.5587366532        -0.1463355748         0.2894619354
        0.2275343229         0.2926402766         1.0620832609
        0.5815744334         0.0050067290         0.5868262078
        0.3199058766        -0.3316305555         0.8824477522
        0.5910662504        -0.0233268456         1.2145350402
        0.5520257759         0.2765141019         0.3846568872
        0.7648103834         0.1063641006         0.3337386523
        0.3626104072        -0.2618508640         0.5797908964
        0.0593850485        -0.2756743046         1.1197270128
       -0.0564653522         0.2964992387         0.5276368823
        0.7909795285         0.0480820131         1.0516999495
        0.0749951764         0.0369337192         0.4566935851
       -0.0156838229         0.4019533058         1.0409557706
        0.3826699413         0.1540903003         0.4519943196
        0.8290568656        -0.1913191960         0.7298580353
        0.2301985505         0.4370973718         0.8556923743
        0.3091973092         0.1994157621         0.2811647617
       -0.0686139334         0.1893873644         1.0137966734
        0.7335242468        -0.3029141725         1.2442082591
        0.4897809043         0.3671802631         0.8167019265
       -0.0416390296        -0.0755011195         1.2302338524
        0.3784541550        -0.2660328176         0.4887636201
        0.2173616048         0.3928519831         0.3884536220
        0.5255779899         0.4488857099         0.8991437472
        0.2737824179         0.0964318562         1.1650611024
       -0.0448601147         0.0804061556         0.7888619376
        0.6677097244        -0.2122335229         0.6122591035
        0.3927156281        -0.2564050834         0.6026864854
        0.3719868187         0.5256704543         1.0310032691
        0.7034509888         0.0918536558         1.0094252486
        0.1842754697        -0.2321130778         1.1367077084
        0.6296964560         0.2977118636         0.5077650446
        0.2896516786        -0.0081671394         0.4111550604
        0.0730441419         0.2125126451         0.7031169539
       -0.0142377239        -0.0456974758         0.4838938473
       -0.0293563656        -0.0314027995         0.5506632903
        0.3896091510         0.1773344697         1.1321751161
       -0.0552376816         0.0886812417         0.6402795790
        0.8143642539         0.4414001972         0.8678462908
        0.0137512120        -0.2583508558         0.7487841865
        0.1625795507         0.3588575732         0.8830553013
        0.2104986210        -0.0784245029         0.5835631381
        0.6473525640         0.4323892619         1.0566318658
        0.8183690300        -0.1437100592         0.8607675168
        0.0465818115        -0.2436760899         1.2308998277
        0.3059373780        -0.2072951118         0.8476824962
        0.1848499008         0.0760533216         0.3396377826
        0.7123512301        -0.0199750866         0.5818440050
        0.2269933771         0.3688295564         0.5232571458
        0.4999174646        -0.0810615206         1.2442695884
        0.4678647504        -0.2457862715         0.8578929930
        0.6636018898         0.5155623600         0.6831629911
        0.7941140022         0.0261179993         0.7022267839
        0.8447030650        -0.3210935374         1.0713790453
        0.0564015353         0.5870313309         0.6609793249
        0.1106036322        -0.2655527565         1.1151502874
        0.3487417253        -0.2100898876         0.3120326714
        0.2436368000        -0.0390858874         0.5387877125
        0.5232393498         0.4747892279         0.5261493128
        0.0453971191        -0.3456657002         0.3485642303
        0.3223898641         0.1248733979         0.6521207963
        0.8461474626         0.4319619424         1.1160462119
        0.8592965991         0.1895518504         0.7269146952
       -0.0503696313        -0.2900776595         0.9861850189
        0.8685916512         0.3787881070         0.3593908145
        0.5810601803        -0.0879795215         0.8306102940
       -0.0725464666        -0.3583234492         0.9394170958
       -0.0451654186         0.0380392374         0.8747619770
        0.6689225247        -0.3121622464         1.0549414687
       -0.0400335978        -0.1934400774         0.4561543405
        0.4750173388        -0.3133486734         0.3828386528
        0.3460627063         0.0621673567         1.0187653598
        0.8400716358         0.5847709182         0.8225144558
        0.4016858450         0.2509799212         0.3792763262
        0.7898933500         0.5806868068         0.3897217813
        0.6690426397        -0.0881087545         0.4640531977
        0.5644441026         0.1039062712         1.1498552767
        0.7725355741         0.1806094386         0.7435266153
        0.7296962031         0.5236435034         0.7759415187
        0.1944491469         0.5869133565         0.9500062190
        0.5435849470        -0.2305224759         1.2228593482
        0.5320548742        -0.0835185621         0.4027911821
        0.4203935536        -0.3638168504         0.6936043007
        0.1098909958         0.5222595475         0.2734804627
        0.3901386868         0.5628509502         0.3932555347
        0.0195021630        -0.1490934273         0.5273421014
        0.8177330037        -0.1406110754         1.2074942861
        0.4281480888         0.4420687642         1.1680883526
        0.2595897745        -0.0497239992         0.8497933643
        0.8648556164        -0.2861150844         1.0994600971
        0.8356807536         0.5827335270         0.2676248157
        0.1816419548         0.0229242789         1.2079007069
        0.2750469575        -0.3150088198         0.6935335236
        0.8376949169         0.1756441229         0.5338543335
        0.3092594843         0.2938611989         0.4742364137
        0.6873584237         0.4144524578         0.7339502833
       -0.0328328023         0.0440078778         1.0190310281
        0.8317716808         0.5585826365         0.4653006001
        0.1976388972        -0.0294576886         0.4444918950
        0.5369290928         0.1841960286         0.6822490342
        0.4647663437        -0.2028281214         1.0682522261
        0.7208000241         0.4991453191         0.6767831533
        0.4756149023         0.6070521059         0.5518371889
        0.2630804354         0.1439288934         0.3660730617
        0.0831789549         0.5400645988         0.3277207599
        0.4658387136         0.3216685469         0.4875484407
        0.6833259630         0.3607057041         0.5864353833
        0.8453121992         0.3518926455         0.3702310002
        0.4915842578        -0.3202631822         0.7008228215
        0.5507427780         0.3531291234         1.2076581719
        0.3076077289         0.4782784338         0.7707843675
        0.7710599951        -0.1372950717         0.9399165854
        0.8024799369         0.1584287420         0.8170483775
        0.1437604107        -0.1341314370         0.8719984958
        0.8021107233         0.4439377558         0.7706158836
        0.7011171973        -0.2613931115         0.8020829993
        0.8307487991        -0.0680788130         0.3416024064
        0.0219524598         0.2181367390         0.6540361969
        0.4727718142         0.0728421302         1.2184958159
        0.1034987922        -0.0786351546         0.4884227149
       -0.0709965795         0.4848595621         0.4686582002
        0.5565076719         0.0083918246         0.6043712961
        0.7479675335         0.2107738578         0.4214805035
        0.3641864502         0.1974065427         0.6294179909
       -0.0184943626        -0.1080479799         1.0527543336
        0.8172366242         0.2501770882         1.0128920460
        0.7344308765        -0.0181913836         0.2678710337
        0.0543647102         0.2038154073         0.9410729727
        0.3104829531        -0.1757082842         0.5376295570
        0.3764329799         0.1032833304         0.5042486520
        0.1136728235         0.2005292208         0.3840885710
        0.7847530657        -0.2318309987         0.3734647092
        0.7537249505         0.1038970235         1.0677378157
        0.6838916711         0.4407250411         0.3439220278
        0.2037292172         0.0252231314         0.2705240115
        0.1182887458        -0.2941261244         0.3001173217
        0.1901478256        -0.2975351917         0.4579979577
        0.0046268193         0.4380552485         1.1107467178
        0.7990819003        -0.3580485066         0.8204586850
       -0.0390626537         0.2989314338         0.8768092558
        0.3201771944         0.5012205778         1.0472683952
        0.8648898239         0.2051526168         1.1571915844
        0.3721864524        -0.3325716404         1.0627765386
        0.8566568746        -0.0382937680         1.2244747488
        0.7103276845         0.4328531280         0.6551260017
        0.3742507856        -0.0577894080         0.6943641029
        0.0314203565        -0.1635722932         0.4215935160
        0.6068479167         0.5253330410         0.6949385294
        0.2783249529        -0.0146766046         0.3137268797
        0.4833790924         0.1482222905         0.5809440816
        0.5358061962         0.2591838638         0.5033884939
        0.5388727610        -0.1889901167         0.7064736322
        0.2240522616        -0.1292226433         1.1104998553
        0.2417058865         0.4248186179         0.9280938254
       -0.0509477686        -0.2730553200         0.7571955646
        0.5174303628         0.5504499829         0.8400176904
        0.0176466309        -0.2077099547         1.1768012735
        0.2691151280        -0.0624768786         1.0661076868
        0.2453854734         0.1245384871         0.8648823442
        0.4379264316        -0.2400192123         1.1836242156
        0.4666708528         0.4484485854         0.9228567448
        0.2924944384        -0.3679851686         1.1094673999
        0.2392904082        -0.2805440024         0.6938235851
        0.5059924176        -0.0171120639         0.4068009681
        0.0460334079         0.2306312314         0.7694849360
        0.6321626155        -0.0248045386         0.7840412112
        0.6949541775         0.3909820301         1.0619080154
       -0.0990700643         0.5320304394         0.3746502112
        0.3002539546        -0.0041186396         1.1689115925
        0.0621364143         0.6039601030         0.3880062579
        0.5159677681        -0.2041891200         0.8163888021
        0.6155945962         0.0900705486         0.9199838502
        0.0304512130        -0.3690410706         0.4991116575
        0.7356528203         0.5114088109         1.0430936089
        0.8387291336        -0.1356662364         0.6556462030
        0.0704917124         0.4783714954         1.1426583501
        0.0621503000        -0.0577424310         0.3482996571
        0.0810813857        -0.1308682663         1.2120990689
        0.6636980762         0.0448853420         1.0170528015
        0.5518142825         0.5405739216         0.7873941031
        0.0638173208        -0.3198979863         0.9278383755
        0.5969231004         0.1067244467         0.2523006971
        0.6764836983         0.5991770424         1.0596505544
        0.6532231099         0.0242140852         0.5832377952
       -0.0426292170         0.3338731003         0.4790377560
        0.6046674710         0.2644478121         0.4120588477
       -0.0755247461         0.6217468306         0.2799139836
        0.4925904245         0.2340690415         0.6110577627
        0.7239644069        -0.1946925550         0.4665622940
        0.3832167298        -0.3555719081         0.6538921699
       -0.1122074954         0.3392582136         0.4219091400
        0.6179849316        -0.0291279040         0.9997751142
        0.1315977962        -0.0170352888         1.1908674843
        0.7416463376        -0.2845044198         0.9490392296
        0.1624065512        -0.1735194628         0.8749011358
        0.5318421123        -0.3704589414         0.4956774996
        0.2287170386         0.2181466198         0.6989271904
        0.7919756208        -0.1231616149         0.8056918984
        0.4183097308         0.1451946765         1.2447106083
        0.1163525008         0.5225941618         0.5554842857
        0.5640967091         0.1403193969         0.9240691978
        0.7201450986        -0.3074147455         1.0439871394
        0.7095663198         0.5336840526         0.9220400928
        0.4472658616         0.5043469196         0.5394159974
        0.8249813456         0.4595531585         0.9310971435
        0.2978375111         0.5840339084         0.6106365753
        0.2195747583         0.1689631700         0.5436325156
        0.2705978927        -0.3595930984         0.9359853131
        0.2775991239        -0.1146596661         0.4265515139
        0.6777394039         0.4430164242         1.0874865474
       -0.0046049216         0.5222107819         1.1605502987
        0.5543774013        -0.3573034422         0.5226407660
        0.0191552741        -0.3150820244         0.9373339271
       -0.0640752270         0.1695811206         0.2715179921
        0.0062903731         0.4166929103         0.7494438761
        0.8585987255         0.4638412787         0.5169566063
        0.7024402131         0.2158862813         0.7172302836
       -0.0947102045         0.2009873867         1.0037958564
        0.3363322079         0.6189281766         0.8642909047
        0.4519899756        -0.0156735439         0.8048258245
        0.7161112588         0.3095488030         1.1949357346
       -0.0765133482         0.5343732025         0.6226496615
        0.6555676247         0.3334404134         0.5499580657
        0.1076867966         0.3284446339         0.5071268743
        0.0726664917        -0.0182743970         1.2185436432
       -0.0160117938         0.3933071278         1.0228615307
        0.1079159292         0.2600629559         0.6470673679
        0.4550220858         0.1478630144         1.1778574813
        0.7772086003         0.2936004757         0.4082689555
        0.4963479072        -0.3556637482         0.7781839567
        0.7560927954         0.0828772573         0.8138355998
        0.5345630083        -0.1567657404         1.0403641498
        0.0949991130        -0.0645137534         1.1615931764
        0.0893083698         0.1617058113         1.0904019840
        0.2397231955         0.2398714901         0.9986931226
        0.5829831242         0.2811051170         1.2308596820
        0.5775794013        -0.2112622450         0.6367922825
       -0.0005284580         0.5769802866         0.3570166230
        0.4205290727         0.4294040771         0.9931573006
        0.0046058923         0.4704979909         1.1145666490
        0.3102747451         0.3047396070         0.3773897412
        0.6856592500         0.1408695648         0.9117383157
        0.4863106871        -0.0159846199         1.0175029378
        0.3874707734         0.0729182832         0.5648213637
        0.6770732143        -0.1082701379         0.8277951274
        0.5165978116         0.3998278570         1.2148185402
        0.3926107189         0.1180392036         0.7659760635
        0.6898066322        -0.1693834581         1.1197029258
        0.7407865697         0.1401705541         0.3608998412
        0.6449109282        -0.2497343299         0.8268107264
        0.1590515348         0.1787191828         1.2421612777
        0.5447251259         0.2700759728         1.0779788511
        0.8283237067         0.5131525764         0.8098108747
        0.3613691253         0.0425230446         0.4379350045
        0.7776020342        -0.0523529988         0.3184953627
        0.7458010041         0.5341830757         0.7043394506
        0.4880509624         0.0776835093         1.1492289183
        0.6219225697         0.3875425337         1.1979301036
        0.3332654769        -0.2715130341         0.3857578174
        0.2285971796         0.4634596935         0.8883762607
        0.1497596238         0.0872176190         0.3423586034
        0.7074711611        -0.2713071604         1.0308091105
        0.7610285239         0.3011383814         0.7014401302
       -0.0273802159         0.4513183066         0.9211916902
        0.6457646805         0.2977157724         0.8481126556
        0.4160738502         0.0667481100         0.5711705180
        0.0125588669         0.5508719551         0.3860353626
        0.1649744610        -0.1609222954         1.0613465644
        0.8480962623         0.3924770689         0.3132067060
        0.5978796877        -0.0750080041         1.1552509079
        0.7183612590         0.5056624749         1.2427849323
       -0.0583050783         0.0382258842         0.2797824299
        0.2271230230         0.5819604291         0.3450941849
        0.7327069960         0.6128895012         0.4757240781
       -0.0795791292         0.0706039951         1.1888189208
        0.2800384388        -0.0986538631         1.1416809003
        0.3077622657        -0.3518882358         0.5637707284
        0.2892757219        -0.1007228763         1.0725325499
        0.7733924893        -0.3215449269         0.5185575415
        0.4394418754         0.1976303863         0.7473279196
        0.6215233995         0.1295664218         0.7854528734
        0.6878016545         0.3990024315         0.6606550261
        0.6780466617         0.0540298759         0.9208324855
        0.6541745444         0.2738576095         1.2025464924
        0.5132031187         0.0815767594         1.1291690930
        0.5161553459         0.0982421310         0.6356338939
        0.2895687745         0.3286138555         0.7777828536
        0.6155665846        -0.2213261276         0.7648024556
        0.7424094267         0.5398367987         1.2022760481
        0.8554070832         0.4291911831         1.1418193783
        0.0261213047        -0.2189088979         0.3788251148
        0.7390044192        -0.1108618689         1.0645938748
        0.4068293427        -0.1109170369         1.0142109792
        0.0439974930         0.5102189932         1.2342074679
        0.0313719345         0.3234804248         1.2346097505
        0.8208204244         0.0638235534         0.3252371690
        0.7822814312        -0.2794170431         0.5084054768
       -0.0681168517        -0.2844464602         0.4093955953
       -0.1108705355        -0.3153843256         1.0430909339
        0.1896316060         0.0414643315         1.0079067997
        0.1425236486        -0.0377722791         0.7412116219
        0.2459381952         0.2139275922         0.8341862506
       -0.0347945888         0.5356058148         0.4461717377
        0.7763857008        -0.3559662953         0.8474820943
        0.2363483961        -0.2221266420         0.9613622988
        0.4734015033        -0.1459303976         0.5294534925
        0.2350814956         0.3774477695         0.2838822973
        0.7486714980         0.2832853360         1.1873062157
        0.7416307925         0.4991724749         1.0248464114
        0.4863676332         0.4081911718         0.9952752541
        0.6398679984        -0.1684572788         0.7793068257
        0.2305991180         0.1645079370         0.6647725567
        0.0891501506        -0.0138351164         0.5094625117
        0.8577226810         0.5083326535         0.8905316269
        0.2997188661         0.4318463214         0.2462956980
        0.6187134933         0.5740612713         0.5383212696
        0.3472568357         0.4948951901         1.2359341364
        0.2269562550         0.6179175226         0.5256765048
       -0.0866975069         0.1467280342         1.0824590720
        0.0306886610         0.3389442745         1.2064582744
        0.0358645236         0.4277668461         0.8087421660
        0.2854531187        -0.0060061991         1.1285814688
        0.0600751182         0.2436374095         0.2528753462
        0.8109273194        -0.2019509701         1.0729788266
        0.6728840619         0.4695541585         0.9154311758
       -0.0638919219         0.0276135643         0.4791803147
        0.7486691382         0.1034009492         0.4431634557
        0.5339621808        -0.1045713464         0.3301375553
        0.7135248019         0.5870434649         0.8396694693
        0.1988969734        -0.0207217968         0.7630573603
        0.4239261802        -0.2839856585         1.2252690859
        0.1025727707         0.5212312812         1.0448913262
        0.8498064780        -0.3009440199         0.5471575182
        0.0202452779         0.2724410530         0.5427469960
        0.6191827188        -0.3611908643         1.0176753072
        0.4723970549         0.3477715032         0.8151754508
        0.6038737195         0.5354102824         0.6424011395
        0.6689823495         0.0031960545         0.7341245988
        0.2016806125         0.1207203693         0.5928485775
        0.4834338655         0.5886780444         1.0688492564
        0.5010219424         0.6208975022         1.1511180431
        0.0782652147         0.0795987137         1.1200621498
        0.3529422160         0.5425256947         0.4047501390
        0.5564421977         0.4768396613         1.1611129260
        0.0630230822        -0.0539463489         0.3898305027
        0.4041828866        -0.0483939530         0.3337836896
       -0.0412261967         0.2615025902         0.7889919404
        0.7593765741         0.6004919336         0.5743936225
        0.3773125546        -0.0151096021         0.4095069323
        0.2027702046        -0.0689622922         0.9314933428
        0.0418774591        -0.2733174625         0.2785635522
       -0.0243412200         0.2220936642         0.6031499287
       -0.0051912069         0.1979357048         0.3545820659
        0.4304624669         0.3425800566         0.8924021722
        0.0086323368         0.3009738982         0.6798304026
       -0.0415044179         0.2010434432         1.0777281674
       -0.1021151987        -0.2251426609         0.3851677775
        0.7256999663        -0.3667265977         1.1051513956
        0.6790554593        -0.3554187726         0.6496763631
        0.5103841039         0.5096049874         0.9899610133
        0.6015246149        -0.2167217845         1.0569808273
       -0.1035754542        -0.2307996829         1.0959328877
        0.0356057065        -0.3392186555         0.7284596853
        0.3617369936        -0.2996718703         0.8205045043
        0.6542231825        -0.2028494036         0.2632507163
        0.6865075316         0.2799071291         0.8863322805
        0.8161711994         0.5019414911         0.5570546128
       -0.0659317586         0.3131102075         1.0726166739
       -0.0788020264         0.5724029752         0.8538060473
        0.0662755141        -0.3414161882         0.4821284138
        0.2390806491        -0.3167214505         1.2053185631
        0.5706467896         0.5852027879         0.3895150298
       -0.0090994488         0.5066313065         1.2365573962
        0.2363301564         0.1021729260         0.5026113869
        0.2450258498         0.6158260609         0.4280089431
        0.5438880715        -0.1298624168         0.3124578898
        0.5374011125        -0.3212905150         1.1877931461
       -0.0084810114        -0.1157812067         0.4378634918
        0.6717971522         0.1044878053         0.8241004732
        0.3639265692         0.4226536180         0.6181621400
        0.8387813180         0.1613082273         0.5890055187
        0.1818903591        -0.3483103289         0.8514629010
        0.2740306035        -0.2623759902         0.7397456023
        0.1763849032         0.6082761911         0.4592067133
        0.0230124652         0.3544641606         0.7740293697
        0.8030202647        -0.3571442387         0.3071777796
       -0.0851449535         0.3307173503         0.9352973325
        0.5474393532         0.3594405828         0.6457473468
        0.8367919001         0.2850025369         1.1373284182
        0.5015905657         0.3185982548         0.9399912518
        0.5201148210        -0.0288901773         0.7988994019
       -0.0542230164        -0.0122626158         0.3639604229
        0.1909897553        -0.3057472043         0.5466734048
        0.5570066539        -0.3370855235         0.5420722617
        0.0181451125        -0.0165756651         0.2775908354
        0.7318142651        -0.2288676102         0.8277003171
        0.5740427159        -0.0577148189         0.3177637782
        0.0358639577        -0.2008036891         0.8793678818
       -0.0846149569        -0.2969586450         0.6842458294
        0.3919280641         0.2134335906         0.8408578072
        0.0405888048         0.5732066205         0.6961009924
        0.8147001950        -0.0529595336         0.6583280934
        0.4414289243        -0.1606885633         0.3309637518
        0.6330981787        -0.1086838454         0.2761340155
        0.5977674573         0.1916282268         0.8209055181
        0.6764170865         0.4359186305         0.7495176602
        0.1064615599        -0.0407048141         0.9074848663
        0.6753111654        -0.3167626383         1.2040047123
        0.2886323881         0.3661630899         1.0873978883
        0.7989452340         0.1995737656         0.3988621253
        0.3314724266        -0.0094818244         0.5308836592
        0.7752157495        -0.0300564539         0.5863353763
       -0.0120856778         0.2719515479         0.8509988748
        0.7282900108        -0.0838886250         0.9844114530
        0.5287497779         0.1807848035         0.8068279261
        0.4992361890         0.0036160930         1.0877285548
        0.4298627786         0.4926784875         0.2669570167
        0.7526418268        -0.3276024883         1.0313530649
        0.3866076867         0.1891505906         0.2751193386
        0.8408330619         0.1659304723         0.5500398260
       -0.1033409463         0.4127517280         0.6726370286
        0.6357363312         0.5300145675         0.8944003258
        0.4254866295         0.0980789793         0.3235016627
        0.0923114877        -0.0429596372         0.4936088752
        0.7896209817         0.5199990874         0.9721675344
        0.2674438431         0.1505000574         0.9568559534
        0.4960667774         0.0633719090         0.8266048880
        0.0683235900        -0.2643810786         0.3752625756
        0.3629567502         0.6143381072         0.9320262180
       -0.0806556005         0.1737732937         0.5216386727
        0.0878209991         0.5086768424         0.8146920976
       -0.0154574075         0.2939187843         0.4676712809
        0.5700403123         0.2560316005         0.6203847987
        0.7667207137         0.3213645490         0.4166170406
        0.3753519866         0.2105670967         0.4958956804
        0.7307685345        -0.0718889677         0.8131151583
        0.4968714644         0.0944588140         0.4767871116
        0.8316636364         0.3887224065         0.2836499640
        0.7482613035         0.0987234980         0.7807723639
        0.5810793192        -0.0722902637         1.0143744320
        0.5273173874         0.6065381857         0.4530987578
        0.2882861066         0.0571221697         0.4574275332
        0.1798883137        -0.3708150299         0.9104884446
        0.6259215014         0.3723407854         0.9017379932
        0.2689602062        -0.1902286668         0.3671976201
        0.2299185583         0.0647543439         1.1096623916
        0.3708841278        -0.1055126609         0.6656268634
        0.6401251472        -0.1323884078         0.3112207612
        0.3174230159        -0.1120313451         1.0859597836
        0.1403003035         0.1844423961         1.0235383408
        0.3604044793        -0.3462298154         1.2462419687
        0.3739314149        -0.2794254622         0.3871051110
        0.5463349058         0.5746373326         1.2448162370
        0.6932394374        -0.0818020273         0.8135104229
        0.2563479295        -0.0762767665         0.4899956844
        0.3869661700        -0.2787907343         0.7200808298
        0.5492655510        -0.2187444714         1.2065591038
        0.6401789612        -0.1938306888         1.1233536906
        0.5709344390         0.3760707436         0.3912695226
        0.3734916916        -0.1736276614         0.8421710515
        0.6474149336         0.4370624862         0.5617963330
        0.3665296792         0.4429353274         0.5607203759
        0.0369488664         0.4348290560         0.4271235685
        0.4364721497         0.0278516200         0.5005564539
        0.7301849970         0.0038323676         0.9318962908
        0.4706820504         0.2232443218         0.9249643637
       -0.0482275802         0.5466704431         0.3200213010
        0.5390028079        -0.2382122832         1.1640588801
        0.4968035996        -0.2714656927         0.8225770057
        0.1901456845         0.4709721784         1.0798026948
        0.1076905153         0.0877277997         0.2816947785
        0.3285226074         0.2396959873         0.4882199469
        0.3995128071         0.0458486190         0.9485819377
        0.1281835840         0.3396260109         0.6754190120
        0.2725644122        -0.3212112242         0.9855144016
       -0.1144169956        -0.1219232429         0.7679153979
        0.7108682563        -0.2545144624         0.4305662222
        0.1746442786         0.2901545383         0.2593605710
        0.6571074926         0.1040233617         0.8416868596
        0.8304547178         0.2737057018         1.1877036285
        0.2298069726        -0.3113572920         0.9493182056
        0.3269290817         0.5455168748         1.2373644921
        0.2764478723         0.0106290359         0.6504704910
        0.1500654357         0.1507882327         0.5700566281
        0.3146574869         0.3849197327         0.7195823377
        0.0404300787         0.0826666271         0.5584821255
       -0.1097954382         0.0491923726         1.0506839689
        0.4591275187         0.3985631363         0.8835785126
       -0.0244731556        -0.1966363353         0.6049699091
       -0.0875043990        -0.2321322236         1.0036342706
        0.8282481142        -0.0228685022         0.8858837460
        0.2796221154         0.0129907363         0.9802552461
        0.3056254985         0.6014056994         0.3063014202
        0.2424232407         0.4669851922         0.4829266455
        0.3481222414        -0.1230085185         0.4554723347
        0.5063897717         0.1855788319         1.2137832777
        0.2564299781         0.3812726287         1.1255972186
        0.6180974337        -0.0624827095         0.9024592633
        0.5095735842         0.4176975572         0.6287881476
        0.5479787921         0.4458510243         0.5037871652
        0.6457274304         0.0130706718         0.3043441981
        0.2306496493         0.0507577125         0.4333589306
        0.6856535851         0.4471306993         0.5288999745
        0.4391945935         0.1700371952         0.3973092543
        0.0757458429        -0.2414940412         0.9859455134
        0.3155597081        -0.2296873444         1.0722088935
       -0.1129979911         0.4007694380         0.3057406531
        0.0242215293         0.3711575977         0.7283858538
       -0.1110688355         0.1968313139         0.4548940419
        0.5798594833         0.5761297230         0.3151102549
        0.1700178877         0.4199037538         0.8480705777
        0.7881073317         0.3784612006         1.2076842256
        0.5636400316        -0.1831126150         0.7582588323
       -0.1223557879        -0.0737187889         0.5813332507
        0.5030948076         0.1848293060         0.3617954785
        0.8329269430        -0.2435816289         0.6445353687
       -0.1157300076         0.5869681927         0.9252493872
        0.1671712057        -0.0558218266         0.8694933379
        0.3692248756         0.3394796714         1.0803288659
        0.1425670819         0.1987753887         0.4271325877
        0.4404282561         0.0075189693         0.9917154552
        0.8572418713         0.3152189780         0.8259071871
        0.0050144701         0.3328480403         0.3816612471
        0.4279795494         0.4944342657         0.2925384609
        0.8068799217         0.4087519828         0.4310664423
       -0.0364216736        -0.2581337176         0.6092033714
        0.0639347796        -0.1557839971         0.5427576702
        0.6440883999        -0.3232276261         0.9860407355
        0.1779867464         0.4739579261         0.4607482027
        0.7080263620         0.2550207568         0.4403204055
        0.5252736826        -0.2429353324         0.6877798958
        0.8401083567        -0.0806087734         0.8863605165
        0.7782886833         0.1784680249         1.1930793862
       -0.0921853321        -0.3707160515         0.8943482929
        0.0667075323         0.4722579547         0.8973889290
        0.1918400698        -0.2769405873         0.9542632393
       -0.0364101698        -0.0362605353         0.3965613323
        0.4695735563        -0.2904062662         0.9968884271
       -0.0753897164         0.6120228647         1.1130140285
       -0.0822022773         0.3425864831         1.1268509770
        0.8661344318        -0.0786766361         0.3497914543
       -0.0075466033        -0.1192226128         0.7546479554
       -0.0957300770        -0.1163419224         0.3593687487
        0.8368851884         0.1081694124         0.5165368711
        0.1845982652         0.3578936515         0.7561368872
        0.8086748126        -0.2050118512         0.5562031446
       -0.1205545391         0.6227208607         0.9170092805
        0.1413003560         0.5316421307         0.9640618544
        0.6031552184        -0.2491499098         0.2521355386
       -0.0944033241         0.1827685153         0.9900239590
        0.1565691214        -0.0456571173         0.8328536688
        0.5471317195        -0.0457814641         1.2119824685
        0.5985867233         0.3706415554         0.5151332846
        0.4908094571         0.0836428034         0.8947117734
        0.8505244102         0.3048627632         0.5446286945
        0.4070277224        -0.3652912094         1.1480675310
        0.0463856314        -0.1370892594         0.3988971679
       -0.0593712303         0.2717648922         1.0807515091
        0.0227861194         0.4605830036         0.2874972618
        0.6251368199        -0.1598797181         0.8179732535
        0.6648388426        -0.0839008996         0.2680316386
        0.8207823547         0.3653628964         0.4587970136
        0.1522701554         0.6188251451         0.9592498036
        0.5702667285         0.1255139725         0.8567613479
        0.2859523222         0.2676021638         1.0392126392
        0.0777853430        -0.1179612638         0.3414638969
        0.4138894711        -0.0054794911         0.5266262514
        0.5829012617         0.1297072801         1.0040559556
        0.2484502984        -0.0603480088         0.7512896145
       -0.0637050480         0.4353904672         0.4455934173
        0.0103548194        -0.1664102458         1.2283247341
        0.6899126370         0.1842758753         0.9936930155
        0.6807241635         0.3006027714         0.2547009470
        0.5240082263         0.1668399907         0.8265458749
        0.4588732557         0.4626207578         0.3249011697
        0.6189905980         0.3040810053         0.2771430657
        0.4300066672         0.2989125553         0.5404118841
        0.2935134247         0.3204309044         0.8715165111
        0.3180611909         0.0130684433         0.3532153806
        0.5989139308        -0.2284137467         0.6154314210
        0.1040797171         0.2262287789         1.1296621073
       -0.0939561524         0.5162657032         0.5933802280
        0.4234251523        -0.1398292268         0.4205140820
        0.2516390486         0.3103150748         0.3127450174
       -0.0650083731        -0.3511242938         0.4133482348
        0.0798215110         0.4400835472         0.5388294829
       -0.0669908208         0.2752266461         0.4083968493
        0.0042989264         0.3069849009         1.1763441543
        0.7896091994         0.0068027173         0.7824426420
        0.6286432358        -0.0485109371         0.9572556621
        0.4802373272        -0.2009799941         1.0895105127
        0.4539439410         0.5265388438         0.2549069184
        0.7672902870        -0.1880666895         0.2643386025
        0.2688818101         0.3778820612         0.7425594980
        0.8623540646        -0.2769475856         0.9987426851
        0.2681517838         0.4327494886         1.1074756367
       -0.0989597943         0.0283005702         1.1332594464
       -0.0880696336         0.6207878189         1.0296872531
        0.1672619330        -0.3333601630         1.2387536544
        0.0581810863        -0.1093816467         1.0303695941
        0.2488060562         0.1242626766         1.1039437871
        0.7967104907        -0.2016999570         0.6113808417
        0.7463670932        -0.2213591649         0.3874648130
        0.6942354018        -0.2079811091         0.6736810027
        0.7786155324        -0.0165195807         0.5728739309
        0.8085411391         0.6056423769         0.6169066434
        0.5734678214        -0.1588782429         1.1813906323
 
