1.000599105891535112e+00 -1.787022105297659050e-02 -3.276163072531151996e-03 3.496276559666996108e-04 2.021775012038017679e-03
6.163711228905775948e-04 4.704308185042289647e-01 -2.655395977527427991e-03 3.376070349151126092e-03 3.528162170445390058e-03
-2.405400988095108151e-03 6.108082686578822917e-01 1.399338956873548423e-02 1.988261606504530474e-03 -6.512640803659259028e-03
1.185456911597295271e-05 5.640213225573940427e-03 -2.097941802287265345e-01 4.497927226069405870e-01 4.084491757728401229e-01
-7.324908259303971019e-05 -1.436598055647368873e-02 4.828159991475737822e-01 3.689349191579244791e-01 -1.856533974262522257e-01
-1.480185299168584930e-05 -2.759486981503399619e-03 3.625689294420003095e-01 -2.211864555869498816e-01 4.799446689609006000e-01
-3.155734158626157828e-05 -3.965490501091291191e-03 -1.723427973889798959e-01 3.799910401784641900e-01 2.994646900425165792e-01
7.155399795557592139e-05 1.216817636869369553e-03 3.867201362676459531e-01 3.169799225665148601e-01 -1.468627900873919201e-01
1.513584741635499325e-05 2.981240795476132141e-04 2.966085450664634471e-01 -2.033062578370023465e-01 3.694406286009202511e-01
-2.581530824590735454e-05 -1.798404347759810073e-03 1.762888891440865351e-03 -1.962662758442012319e-03 -2.879436909229567479e-03
1.418207457720097437e-05 1.567495639343076657e-03 -2.397005966149579840e-03 8.739588011528991044e-04 -2.954774063761992937e-03
1.946107229401083396e-06 -3.695093374548914252e-05 1.130125017102321565e-03 1.033409100453951254e-03 -1.953704088269770083e-03
4.133045271717903778e-05 2.036885057739623844e-03 6.307744210572087005e-04 -1.047893878474914602e-03 6.122576760642615967e-04
7.388069247193705823e-06 2.631517417699125172e-05 2.163798407544778070e-03 3.289486287413426711e-03 -1.021423423691494685e-04
