-2.969617749960018216e+01
-4.345436135874943062e+01
7.538813062733964898e+00
-7.239701826981404054e+01
5.863350767737293268e+01
-3.461526410110423768e+01
1.243833354756027916e+02
6.967735713333974346e+00
-5.506928128143623979e+00
-4.000675322087525387e+01
-8.955107424430879348e+01
4.173947531121710597e+01
-9.135460204996223865e+01
1.131025557716826668e+01
-5.712876841843195308e+01
-2.460446955281162218e+01
-6.625930268251795496e+01
-1.363988111330623809e+01
-3.802757783092607724e+01
-1.897993714231665052e+01
-5.572687742650453302e+00
7.210997064788031707e+01
1.830703708488823622e+01
7.760330217049246926e+01
-8.014846886350416355e+01
5.526669523474868129e+01
6.375625884627072537e+01
-4.645441934963244535e+01
-1.914708786818885855e+01
4.577084025915696408e+00
1.025664767358885001e+02
-2.774768805669289407e+01
1.493224866463728233e+02
1.581531288688213124e+02
1.936339815408139486e+01
-1.052363278338745189e+01
-1.202195650125673012e+02
5.908389102160835904e+01
-9.703035173762199861e+01
3.460795042331338323e+01
1.855467850661684182e+01
-3.976788662395215113e+01
3.348604065583672451e+01
-4.417163652733604451e-01
5.628382772885835550e+01
1.422675830104626016e+02
2.336404726780676455e+01
-3.381754489834369792e+01
-2.518984991278799512e+01
8.548279248890231941e+01
1.021327694988975878e+02
1.000412936056702193e+02
8.103262856700395389e+01
2.476680894333573590e+01
3.412246614833539127e+01
2.950465381058155501e+01
5.376702621489405942e+01
8.012195976468838410e+01
4.593889727355100661e+01
-1.010192812382108229e+02
-4.018255528243454222e+00
1.192872426821490173e+01
-1.252350914365579229e+02
9.219090706165850690e+01
-2.628759561629480146e+01
-4.318355649744711400e+01
2.548630744032802653e+01
4.906288828808351354e+01
-1.047227141359411746e+02
-7.316645439801742867e+00
2.039858941984296337e+01
8.262422779005261475e+01
-7.508824190678359400e+01
-1.412164960100033966e+02
1.281776955375167688e+02
-7.207436854088179246e+01
-1.119209366628824540e+02
-2.637716420090351122e+01
5.814531567383863120e+00
-2.571007755177022958e+01
-1.828587699389412435e+01
-5.735950530075187714e+01
3.519574601604183783e+01
-1.831787697953449197e+02
-1.461839791084672413e+02
-1.651878849503198055e+01
1.250326820729369786e+02
-4.545869027269868923e+01
1.478516118519314659e+02
-5.627760722988797681e+01
-1.379180883686830157e+02
-2.184319189281036699e+01
2.100445087472830963e+01
4.671631944017263294e+01
-2.571505037833171414e+00
3.960632325118612584e+01
-8.761146061174481758e+01
-1.094305655938654951e+02
-1.170498610044473509e+02
-8.356362634514962195e+00
5.833572440247034763e+01
-1.275158342771771203e+02
1.773248035173340043e+02
3.540480756769331805e+01
-1.366788495294495931e+02
-1.662262475514745290e+02
9.383729046228951631e+01
2.535500516750996525e+01
-8.046419598880920887e+01
1.083694515605146194e+02
9.375177975552367116e+01
-6.497481198178594752e+01
3.904168118649269559e+01
7.148758441474089409e+01
-1.752032254875565442e+01
3.218771120204789327e+01
4.466655124800007570e+01
-2.621571250799102160e+01
1.508933089332653488e+01
1.332731198795263197e+02
5.343548305253781905e+01
-1.454116390505980227e+01
-1.277465295882694818e+02
-3.842214427394682730e+01
-4.978580680120351332e+01
7.249810623147160982e+01
-4.207572361157534857e+01
1.582785092407274306e+02
-9.704174970791591193e+01
-2.018283911918176443e+02
-4.374588425273144310e+01
2.240104322711023030e+02
3.904333835491283367e+01
8.134695190373511764e+01
8.452840892998626288e+00
1.545812141209292889e+01
-2.123613696248166889e+02
-1.395945318488298525e+01
-1.650686574147939041e+02
6.681753743598069661e+01
-5.743979593794412608e+01
-1.034661624794608485e+02
-2.597481679278579136e+01
-1.925991630415453670e+01
1.529857396820718520e+02
4.645390125778246926e+01
-7.923244714648937759e+01
-5.598330972318929355e+01
-1.220914392201438403e+01
-7.005689328062840104e+01
-1.591346868545759037e+02
-7.127460575796087028e+01
-4.773838018586098997e+01
1.294687185214233125e+02
-2.620708464012874828e+01
2.014048489350369309e+01
-7.774117745142375213e+01
6.071678311203173450e+01
6.623195884073106754e+01
-6.837501249792708791e+01
2.058002742002179275e+01
-1.480174125453778231e+02
3.372316593552854513e+00
-1.432464349293709347e+02
-5.606454795979844619e+01
1.799938586034251955e+02
7.999180814399639416e+01
6.027775900035273082e+01
2.325069149242359501e+01
8.438056055217427343e+01
5.064981420951149005e+00
8.373703220903655620e+01
-4.438715678061466008e+01
1.218106629477679519e+02
3.390315403537401551e+01
5.977113829389757171e+01
7.419726770663366722e+01
5.998253537526657198e+01
4.238812390941972552e+01
-6.866151724954218594e+01
-6.809513296502176161e+01
1.187005386513255090e+01
5.951556389178506379e+01
-4.424802222128469964e+00
1.147305410424150836e+02
4.001927320409094335e+01
-1.716778501267432588e+01
1.395201672674228348e+02
-6.610221776626609369e+01
-4.305038322339317602e+01
-2.141348481753584920e+01
3.480764257376422677e+01
6.580583067857833157e+01
4.882965843981400766e+00
-8.210145994841347772e+00
-1.549862881719278285e+01
-2.611022351582547429e+01
8.592493818756027224e+01
-1.687955930020122963e+01
7.088828558211407938e+01
-8.804185481937754787e+01
-1.008352758536726057e+01
4.511259629606077937e+01
1.039337376078560027e+02
2.822813634126313787e+01
3.004516291810500306e+01
3.009286860590327706e+01
-1.256050389506996652e+02
-2.804491509981777853e+01
-2.201155584228767736e+01
-7.114102134419448475e+01
1.095617038885430361e+01
-8.799095933776212064e+01
-3.382203226235780136e+01
2.600716036388796226e+01
-1.496403814983897291e+02
-3.981674591222211745e+01
-5.554393293057871972e+01
-6.023418397044605399e+01
8.460329034043051877e+01
1.518411330732580744e+01
-4.576448776492288317e+01
1.325605428191012436e+02
3.922350174890627983e+01
-2.409711112762768437e+02
-1.199081389126416219e+01
-2.162707841225093119e+01
1.357752730863843169e+02
1.203366317292233134e+02
2.872418436302158540e+00
-4.698731062643133782e+00
-5.195159066330016628e+01
-7.741220895149984926e+01
-1.450646228117312262e+02
7.934456559552492649e+01
-8.151602633488144534e+01
-9.070504210281660562e+01
1.141564700023728562e+00
-4.159285054371873969e+01
-2.663388973753628974e+01
-7.490397240293360426e+01
-7.632958915115972331e+01
4.105719264701403404e+01
3.750857311991952514e+01
-1.274166557517316534e+02
-4.327225717369459090e+01
4.257463543158748109e+01
-2.870257669714162674e+01
1.260446002530871112e+02
2.699012625570023971e+01
-6.301215697016384354e+01
4.494312903296035699e+01
2.444192613958900751e+00
-4.787763126511341483e+01
1.047725163438977773e+02
9.843703140412316088e+01
-7.321017119201286505e+01
-5.998604013922435030e+01
-3.987661468842893697e+01
1.045396664511380180e+02
5.740440796710154814e+01
-3.045875829621702735e+01
1.958192939061936499e+01
-1.613116790043840787e+00
-1.411525181827980759e+02
1.477352545651749551e+02
-1.578256795474361525e+02
-6.885861805499256150e+01
-1.845907419574739805e+01
-1.143651583728222576e+01
5.436839931381562963e+01
1.431695602411141799e+01
-2.037174773258939524e+02
4.065671129834564823e+01
5.750026864835737683e+01
6.053125340451539671e+01
-1.017050725152826018e+01
5.839584226754224972e+01
-4.868413260764401684e+01
7.810488128870736091e+01
1.278553419289153226e+02
-7.318615145299844471e+00
-3.557241225830522069e+01
-3.314246338463183861e+01
1.261043766380835152e+00
-1.082527850038520825e+02
1.550479317559748154e+02
-4.585102178504408243e+01
-1.493076010039430734e+01
-6.253625978067572788e+01
2.059517310411218816e+01
2.321116464699414905e+01
1.040441259243815182e+02
4.967667407746316144e+01
-8.085244342171358767e+01
4.687713454226301479e+01
1.478345061523118886e+02
-5.669487091284570823e+01
1.769715874344409769e+02
-2.295189431888148590e+01
-1.823650510314410553e+02
1.625679358891988358e+01
2.104235691914020379e+01
3.789958582152083011e+01
-1.869122341155626543e+01
4.982804255653173087e+00
5.080967664410057694e+01
-4.223797534571608736e+01
1.215697979509683506e+02
-3.987342378233404361e+01
-3.997099528121111689e+01
-9.762828776170189826e+01
1.231663505196820694e+02
-2.923353357959305399e+01
-5.930884315936818751e+01
-1.093449554606303131e+01
6.585364631162059368e+01
5.724303305544966491e+01
-4.484341565849581457e+01
2.522401641043236964e+01
4.154796292933039581e+01
3.642884044868002036e+01
8.690396884244262310e+01
2.109009455634316410e+01
2.617021078549473501e+01
6.361279467554145839e+01
-1.195245210218778098e+01
-8.639346795524022582e+01
-1.695119210499118623e-01
9.090981042396322209e+01
2.553325462603299911e+01
-5.094082834359127077e+01
-5.628120533060180719e+01
9.870761287455739819e+01
-9.985903087222905583e+01
-7.944476272242670234e+01
2.168101294880382568e+01
-1.063527173577484675e+01
6.802257896298279150e+01
5.603253741892302742e+01
1.914899459497963363e+01
2.944457738268592095e+01
-4.825768992788109557e+01
1.287370378125518400e+01
1.537792934047539184e+01
-1.771334655101027167e+01
5.932814247205728009e+01
-2.999809698250544088e+01
