-1.972263478574234785e+00
-1.971942876239557441e+00
-1.972251954386415873e+00
-1.972212327904822926e+00
-1.972243098296044828e+00
-1.972086606114262120e+00
-1.972288350172153315e+00
-1.971597463588452337e+00
-1.971758771706885849e+00
-1.971631913138808256e+00
-1.971649006275094873e+00
-1.971777270904966572e+00
-1.971920094827343206e+00
-1.988072197725412327e+00
-1.988168689110535903e+00
-1.988857186315465597e+00
-1.988559434006685667e+00
-1.991292775172714302e+00
-1.988488472197091017e+00
-1.988127801012224527e+00
-1.987979681657723541e+00
-1.999248540280130770e+00
-1.999013330732581917e+00
-1.999293052294190964e+00
-1.998563050898831461e+00
-1.998439740852229196e+00
-1.998408645154625907e+00
-1.998184331286031012e+00
-1.998495632953621426e+00
-1.998549876596596331e+00
-2.015106171407114566e+00
-2.014654211830268160e+00
-2.015353028838586358e+00
-2.014244496486741198e+00
-2.014460497879015044e+00
