0.000000
0.000000
9.024665
9.024666
24.074743
24.074743
60.823126
60.823128
232.822951
232.822951
275.116818
275.116820
315.750536
315.750536
333.232590
333.232592
6125.198081
6125.198081
6148.621599
6148.621599
6185.401040
6185.401041
6262.140050
6262.140052
6297.600369
6297.600370
6319.293631
6319.293631
6355.971629
6355.971629
11412.550607
11412.550609
11434.340077
11434.340079
11514.847732
11514.847734
11550.078140
11550.078140
11566.532895
11566.532896
11614.697381
11614.697381
15781.164201
15781.164203
15950.165057
15950.165058
16008.642844
16008.642845
16038.506726
16038.506727
16122.909463
16122.909464
18307.020816
18307.020818
18345.035915
18345.035919
18372.077055
18372.077058
18469.786415
18469.786416
18537.112537
18537.112538
21403.909010
21403.909011
21406.744198
21406.744200
21994.109356
21994.109358
22045.340678
22045.340679
22080.579722
22080.579723
22120.935775
22120.935777
24825.891940
24825.891942
24917.611077
24917.611077
24948.490157
24948.490157
25103.989732
25103.989734
25126.807198
25126.807199
25202.558824
25202.558826
25439.994269
25439.994272
25481.091594
25481.091594
25511.868368
25511.868368
26903.465033
26903.465034
26963.410870
26963.410871
29688.610355
29688.610355
29703.701783
29703.701787
29776.872545
29776.872547
29813.525398
29813.525399
29892.661667
29892.661668
33377.475209
33377.475210
33386.064924
33386.064924
33427.095721
33427.095721
33514.715436
33514.715438
36134.961086
36134.961089
36330.986142
36330.986144
36364.201161
36364.201161
42267.198686
42267.198688
42375.183340
42375.183341
42431.877382
42431.877384
42517.874094
42517.874096
45124.553941
45124.553941
45173.125684
45173.125685
45445.412450
45445.412452
47284.597637
47284.597639
47289.746630
47289.746632
48502.635014
48502.635018
