 3D1     Ewald 
 1  0.0  1.0E-12  1
        9.7058164316         9.7338747400        12.2261285127
  113.2410   113.1967    90.3675
12
Li           0.3747174000         0.1228980200         0.7462956800    1.000  0  0
Li           0.6252826000         0.8771019800         0.2537043200    1.000  0  0
Y            0.1245757900         0.3745110000         0.2494134100    3.000  0  0
Y            0.8754242100         0.6254890000         0.7505865900    3.000  0  0
F            0.4586400700         0.7638208000         0.5869553500   -1.000  0  0
F            0.2643159300         0.6321515500         0.0881555800   -1.000  0  0
F            0.8709832100         0.6766149700         0.4123660600   -1.000  0  0
F            0.8233158900         0.9559992100         0.0882493300   -1.000  0  0
F            0.5413599300         0.2361792000         0.4130446500   -1.000  0  0
F            0.1290167900         0.3233850300         0.5876339400   -1.000  0  0
F            0.1766841100         0.0440007900         0.9117506700   -1.000  0  0
F            0.7356840700         0.3678484500         0.9118444200   -1.000  0  0
800
        0.6071215767         0.4314237919        -0.2011832045
        0.5307785399         0.4088653266         0.3031702768
        0.2615952212         0.5186878592         0.1881244354
        0.3752913719         0.2518833268         0.0058730940
        0.5674847591         0.0510780432         0.4665359490
       -0.1903414672         0.7678366983         0.4209370308
       -0.1384750519         0.0584178519         0.2628240508
        0.2977313706         0.2504632223         0.6698124375
        0.0356905347         0.4141049717         0.1210722911
       -0.1201445123         0.2411632308         0.6903604248
        0.2870035309         0.7957721135         0.4787981980
        0.2445408550         0.8245809474         0.1619322903
        0.4214092334        -0.0164032455         0.4691717318
        0.1826053558         0.4462369339        -0.0332784367
       -0.0127743806         0.4750261989         0.6005473300
        0.5501951216        -0.1070178224        -0.0095756610
        0.3372420514         0.8428469989         0.7251405898
       -0.0653605798         0.3852195340         0.1327824400
        0.5754192142         0.8690819998         0.6014866183
       -0.0808365888         0.2352146941         0.0548142885
       -0.0202016056         0.5130212620         0.0773796298
       -0.1676611419        -0.0503858309         0.4944122657
        0.0275155350         0.5270321226         0.3258089262
        0.6125327970         0.2805939762        -0.0203210232
       -0.2198646667         0.8623271725         0.6894365365
        0.3447235793        -0.0631659534        -0.1087831097
        0.2153577917         0.1176323484         0.5426630762
       -0.0232358032         0.0825565889         0.3464757044
        0.1672332420         0.2508258335         0.7462729298
        0.0599631835         0.3788506996         0.5652986460
        0.2100623838         0.1269845959         0.1005854456
        0.5691721263         0.2704302480         0.4342766140
        0.2981209868        -0.1218332889         0.0162905131
        0.6094004741         0.0993626733        -0.0849293724
       -0.1364335365         0.6148634314         0.6546605071
        0.5096861278         0.2455829593        -0.0334406519
       -0.0678311987         0.2548642200        -0.1896186343
        0.4200245385         0.3983923219         0.7080982672
       -0.1241867418        -0.0800411911         0.4755497358
        0.0028869574         0.0702443908        -0.0593355954
        0.5331783483         0.3731817432         0.5931863095
       -0.2841326046         0.0254474232        -0.0038311821
       -0.1289333005         0.4479624046         0.7480025790
        0.3796237986         0.5604087391        -0.1187142495
       -0.1191303353         0.6629386069         0.6105487644
        0.5143536178         0.0236820277         0.2094799595
        0.1974325770         0.7787245727        -0.2277306587
       -0.2782399241         0.4684659384         0.1395877000
       -0.0048662806         0.0331066469         0.6863435464
        0.3468833878         0.6391486306         0.1085922468
        0.1428344306        -0.0766137317         0.1215467236
        0.6139878244         0.6229459345        -0.1144318431
        0.2484924161         0.5826719202         0.6920381760
       -0.2121354159         0.7748036083         0.3312571818
       -0.1805820487         0.7990467023         0.3487316992
        0.2815892817         0.3883689154         0.7246757428
        0.0674696662         0.4523374349         0.5471966233
        0.3849981240         0.2949392286         0.2256433028
        0.2823262566         0.8129272286         0.2536272497
       -0.0259125700         0.6018553762         0.5683691398
        0.5713465860        -0.0217122400         0.3507529838
        0.4602661924         0.4963906121         0.6673333587
       -0.1706238534        -0.0898022933         0.5173341037
       -0.1909607878         0.5302402997         0.7110124865
        0.3404512888         0.4068273671         0.3049526653
        0.3913227496         0.7340506035         0.0182873576
        0.1845660076         0.7391980852         0.4776339601
       -0.1969168264        -0.0914712966        -0.2098206391
       -0.2140116219         0.6719404806        -0.0262739354
        0.4078077188         0.6560757772        -0.2239457477
       -0.0165133243        -0.0937305237        -0.1292967015
        0.3330686697         0.8212019449         0.5869984895
        0.1005979172         0.4404644815         0.5561190852
        0.2419559868         0.5943177358        -0.1429762045
        0.5629747132         0.4277485397        -0.0885690850
        0.0197828872         0.2373968006         0.1244209623
        0.1208008222        -0.0439021372         0.0973796110
        0.4316729140         0.5050379129         0.2840752253
        0.1658055110        -0.0426150020         0.6181791502
        0.1538885297         0.0449586242        -0.0202939565
        0.2356694449         0.3127963377         0.5482516539
        0.4756446768         0.3392540025         0.6977821005
        0.1704819825         0.5847432616        -0.1852317168
       -0.3569406551         0.6346474029         0.7226021279
        0.5463246965         0.4818167653         0.7034122854
        0.5191517941         0.0516929974        -0.1257318224
        0.1558963506         0.0912752754         0.2714922116
        0.2152491804         0.1902746756         0.1768957394
        0.5140478258         0.7099938978         0.5666786696
        0.1350879681         0.6582561361         0.7081239153
        0.2817260153        -0.0830469995         0.6508602986
        0.3489815578        -0.1215735106        -0.0310338400
        0.5808115895         0.8406543941        -0.2053596718
       -0.0566639127         0.5381214041         0.1233934064
       -0.1034477074         0.5241799607         0.2615454873
       -0.0190228320         0.8042222623         0.2236260620
        0.5292099392        -0.0973545179         0.4590591674
       -0.3689241982         0.6731098467         0.6464361808
        0.2701949852         0.3821442656         0.6499654718
        0.4679851584         0.6995608967        -0.1411834251
        0.4680461543         0.7932194522         0.7281230123
        0.5277878060         0.3841174504         0.4939989369
        0.2265305225         0.6858600652         0.4235057599
        0.4022713967         0.5441040823         0.7131702787
        0.2281012539         0.4961225281        -0.2211268792
        0.2911139537         0.5618800454        -0.1380349583
        0.5176052825         0.6553705948         0.1603496049
        0.0219921544         0.8037325516         0.7107822706
       -0.2015381847        -0.0868286576         0.4225084551
        0.3882180829         0.3676444333         0.2697490296
        0.4534474379         0.7877445507         0.1876603195
        0.4559008040         0.3536225297        -0.1271328688
        0.1434883618         0.5211778150         0.5715943960
        0.5072339037         0.5721915613         0.6938016550
       -0.3430554018         0.1941084325         0.0047566759
        0.3640661988         0.5259483744         0.3110997161
       -0.0633731186         0.0301841870         0.4378983004
        0.0789460386         0.7303488675         0.4518458724
        0.2764451023         0.5765772624         0.3098030826
        0.5451987439        -0.1217537160         0.0420400791
        0.3160517048         0.0178458590         0.3047657470
       -0.0536770996        -0.0392356263         0.0221381781
        0.5430947887         0.1591074725        -0.0720223486
        0.1174028557         0.4886920954         0.5273805407
       -0.3206091313         0.8055044199         0.7016527894
        0.5631533742         0.5811359890        -0.1458713411
        0.1165215711         0.5221765378        -0.2081997149
        0.1932544695         0.5453133308        -0.0360248966
        0.3365961529        -0.0434043768         0.0404268975
       -0.1321582323         0.6353901449         0.4705642983
        0.3148726112         0.7399231663        -0.2055424115
        0.1658779221         0.6935892624        -0.2011008497
        0.0847447817         0.2557954393         0.7184237019
        0.0320609737         0.2679532563         0.2864182524
        0.4087377742         0.2043805794         0.2458491644
        0.0244857990         0.4529394465         0.1849946509
        0.4701471107        -0.0423751776         0.4191150713
        0.1117887142         0.4748624721        -0.0425216037
        0.4240569766         0.1287809196         0.0343383875
       -0.3590966292         0.0680901818         0.4736934721
       -0.1050051420        -0.0934317840        -0.1980145761
       -0.2296372881         0.0394248410         0.7228768822
        0.0132379050         0.5621081584        -0.2283687018
        0.3351309170         0.7326984263         0.2332793642
        0.4902351127         0.4576055120         0.1373646972
        0.3509381748         0.4238225417         0.6135349427
       -0.0718548733         0.3149103374         0.6240842184
        0.0780684143        -0.0025976089         0.0567249738
        0.2048318811         0.4528864812        -0.0210540679
        0.3549604845         0.8375615231        -0.1915006101
        0.1448802342         0.3905258095        -0.1501974572
       -0.1256255069         0.7289027495         0.7149320850
       -0.1856240085         0.4152891956         0.5763712171
        0.5636644111         0.0274658604         0.3307325665
        0.4298415781         0.5212531693        -0.1806971608
       -0.2861051917         0.6457731231         0.2837438665
        0.5193428075         0.5959749418         0.5074918370
        0.1210041806         0.5231244084         0.1517376107
       -0.0399217667         0.2101924754         0.1112814196
       -0.1500563621         0.2559174522        -0.0009379186
        0.4720717490         0.3275739671         0.5623308410
        0.2386369957        -0.0277233946         0.3229794784
       -0.0140695420         0.2472204388        -0.1983561634
       -0.2646208656         0.7597961916         0.6829558566
        0.3209281936         0.2144815755         0.1039070295
        0.5756066443         0.3652727013        -0.1493273945
        0.6201047679         0.0151692743         0.7410493673
        0.0478715410         0.6099415230         0.4049108809
        0.4892114229         0.5998105351         0.5535001526
       -0.0299403571         0.0400948561        -0.1294072274
        0.1364523915         0.8241733006        -0.1070864654
        0.6093668053        -0.1118535805         0.1523530578
        0.3942938452         0.8431812233         0.2215196681
        0.1706147707         0.5169978267         0.7319730387
       -0.2707457210         0.1542887286         0.0239217851
       -0.0520530882         0.4769794489         0.4515248210
        0.3199905019         0.4755583737        -0.1739460231
       -0.2091332397         0.3616935464         0.0472916487
        0.5598142633         0.8312689159         0.5404744596
        0.3790928720        -0.0738518017        -0.0086875431
        0.4013810308         0.1909218081         0.1611963571
       -0.1838335067         0.3804154199        -0.0030324579
        0.4689212398         0.0883335730         0.1249085868
        0.4557755594        -0.0507678488        -0.1485617466
        0.0968296490         0.2714903131         0.4203817883
        0.0469634227         0.5237394042         0.3927251978
        0.5993885447         0.8073090116         0.3260247382
       -0.2044243692         0.2131071349         0.3103824735
        0.0179979676        -0.0060884071         0.2632252922
        0.5217788209         0.1637940136         0.0183526371
       -0.1285643841         0.2100481883        -0.1900721287
       -0.1565362507         0.5601657432         0.5864833356
        0.2320810007         0.6526426003         0.1002690304
       -0.3005440499         0.1418718959         0.3157157476
       -0.3680361821         0.3614283401        -0.0792941250
        0.3665589672         0.2071854912        -0.0452489122
       -0.0872395233         0.5313835772         0.4982468190
       -0.2269430635         0.8158178918         0.6856293208
        0.0145565985         0.5618450269         0.5418302653
        0.1153617294         0.3953662776         0.2645984125
        0.3471654891         0.1969643586        -0.2050327439
       -0.3134328907         0.2106630085        -0.1085771560
        0.6068894735        -0.0799485718         0.5527002027
        0.4138817171         0.7239786520        -0.1657182314
        0.4444028677         0.2109014958         0.4402074766
        0.3912173192         0.8211341900        -0.1790267207
        0.2940445435         0.3112349177         0.1422681165
        0.4860384861        -0.0005231044         0.3023338460
        0.2389230372         0.0694925113         0.1610549019
        0.2497212393         0.0730684901         0.3231829914
        0.4301776381        -0.0727047802         0.5966551490
        0.2349628831         0.1907866661         0.2368561807
        0.4068564405         0.0902823234         0.3823629474
       -0.0350823784         0.7817045642         0.6690375619
        0.3203652519         0.2111437668         0.2721682785
       -0.2390142004         0.5131819787        -0.2017360932
       -0.1548652065         0.3205594092         0.5267855117
       -0.3687460995         0.2626776096         0.0357565977
        0.0190690413         0.7627988010         0.3475273652
        0.0941323407         0.8107257894         0.6656780217
       -0.1770753385        -0.0564092106        -0.2369012574
        0.2179920054         0.4770031135         0.3226259032
        0.5593537768         0.0303592616         0.1756756011
       -0.1976256607         0.2948444237        -0.0492272475
       -0.0662598496        -0.0216960853         0.5055458469
        0.0938229187         0.1818505730         0.4513693969
        0.5401722197         0.5579156835         0.0761643214
       -0.2417223239         0.7294741043         0.1309186965
        0.4360507685         0.6077356605         0.1286322521
        0.3687244767         0.3885603738         0.0531238805
       -0.1498872861         0.5883334199        -0.0926203165
       -0.3035788933         0.8144852308        -0.0218459988
       -0.2990695401         0.0448145540         0.1853562899
        0.5083473582         0.0706128785         0.4689118403
        0.2617345721         0.8153950964         0.4525717233
        0.5257091227         0.6839975996         0.5227229667
        0.2029848842         0.6115252588         0.1056674389
        0.2581293589         0.8003262795         0.5334194579
        0.5161806758         0.5342909548         0.6463707330
        0.2590815953         0.4479275785         0.3720543733
        0.0767113679         0.8266713045        -0.0744441469
       -0.0698745936         0.4339005412         0.7377875049
       -0.2568277401         0.5578023077         0.5403816675
       -0.1430039030        -0.0909021467         0.6726266867
        0.5115764861         0.8732465958        -0.1797217955
       -0.1742985720         0.7091435118         0.7417815867
        0.1910916198         0.7821264926         0.1463309434
        0.1566116660         0.4783742533         0.1809956337
        0.1900089611        -0.0129603063         0.4172281018
        0.5183961412         0.1499670449         0.0390724536
        0.6039345605         0.4829185836         0.6760661096
       -0.0543963802         0.2397476116        -0.2031341021
        0.2734699388         0.1909299346         0.5244811032
        0.3900885633         0.8702447854        -0.1735487968
       -0.3433316563         0.2230495924         0.6075966504
        0.5800054495        -0.1096435829         0.4910503767
       -0.0549924381         0.7723446535         0.3339329513
        0.1870485781         0.1698969854         0.2906847777
        0.1447652123         0.2802527028         0.0122291067
       -0.1695544828         0.4312251249         0.4939927861
       -0.2806777328         0.2193532925        -0.1974853169
        0.5881544041         0.8517706949         0.2464632195
       -0.2384472197         0.2492720220         0.6278405225
       -0.1712824678         0.8131796006         0.0552644105
       -0.2010080696         0.2781905966         0.5017762431
        0.0889944528         0.7586486913         0.5738445918
        0.0469893402         0.6285097388        -0.1801489608
        0.1365733485         0.1785738419         0.1990389025
        0.3628966320         0.8328999453         0.6636642273
       -0.3151942605        -0.0368567461         0.1955881883
        0.4710652610         0.7428877086         0.6988833201
       -0.0974542105         0.6522947764         0.2427274635
       -0.0973207746         0.1794429035         0.1662566638
        0.4046503951         0.3558353041         0.1962591900
       -0.1430727087         0.4135386230         0.3959552687
        0.1902852517         0.3202146160         0.1202892143
        0.0138756124         0.8014969363         0.6781196214
       -0.0997921579         0.8501422022        -0.2267654765
        0.3119946850         0.7537995623        -0.2344436360
        0.1151016477         0.6316798065         0.2172844020
       -0.3522591054         0.6109684633        -0.1319210573
        0.0101863942        -0.0645664406         0.2051725955
       -0.2552048566         0.2889959326         0.2400380850
        0.2206426770         0.8642592958        -0.2400641255
        0.3111471155        -0.0347724302         0.7205439621
       -0.1572395548         0.8129993117         0.5084145926
        0.4286819911         0.5845908472        -0.0408451152
       -0.2860347485         0.1331726662         0.2781711516
        0.3552197684         0.4357363112         0.5981313849
       -0.0693082983         0.5201895830         0.7019134608
        0.2771785529        -0.0478075403        -0.0899283316
       -0.1466070092         0.4463274994        -0.2079059429
       -0.3651496199        -0.0577642444         0.4539407533
        0.0919601331         0.8081410763         0.5174637805
        0.5292887977         0.3714628493        -0.2115453838
       -0.0505939631         0.4521102827         0.1166869932
        0.2604117730         0.4764561658         0.1309758058
        0.3504210555         0.5896615067         0.1290423358
        0.3586154733         0.7602889714        -0.0485581696
        0.3838160676        -0.0755987540         0.6441925373
        0.2540396465         0.5267425391        -0.0181196970
        0.5611666066         0.1479475786         0.4704215197
        0.5430089993         0.4078163778         0.3290402344
        0.2983885791        -0.0560439397         0.7389818548
        0.0603641703         0.1950996594         0.2168918900
        0.2986002237         0.1374360686         0.1967100357
       -0.0080182820         0.8036369895        -0.1700308125
       -0.2828960825         0.3314488831         0.5768088843
        0.1788117543         0.8473810066         0.2595889269
        0.1526299098         0.8643195501        -0.1552770970
        0.3042010241         0.3944488716         0.5659610766
       -0.2749551853         0.4861991658         0.7493772602
        0.5301387150        -0.1246166125         0.2688147116
        0.0769523561         0.5904566183         0.4670929580
        0.4350481351         0.5580558212        -0.2371022218
        0.5982913119         0.2564848761        -0.1850521394
       -0.2955879432         0.1539619064        -0.1291207797
       -0.1948971986         0.4359051136         0.3193826311
        0.2189780650        -0.0314821682         0.4678246409
       -0.3646049135         0.0387096094         0.0992588111
       -0.1848632097         0.8087996236         0.3831833440
        0.5534704121         0.1768756637         0.2395605977
       -0.1361063731         0.7786893971         0.7276087453
       -0.2000475905        -0.0657976991         0.0302512528
        0.3042639867         0.6395261004         0.0482495695
        0.2964987894         0.7168144813         0.4908300721
        0.0176652013         0.7791373595         0.6132428690
        0.2903491373         0.5264059555        -0.0735033442
        0.1575033374        -0.0544571491         0.6261285719
       -0.2096457196         0.0570554099         0.5580687371
        0.2325876229        -0.0131512155         0.3758297025
        0.0069017648         0.4616037803        -0.2139456827
        0.2583458662         0.0905335968         0.1579277784
        0.3795150133         0.2373236585         0.1613855155
       -0.2899880487        -0.1091577786         0.0412059094
        0.0844179562         0.8115743974         0.6321119911
       -0.3143753881         0.1494963951         0.5304562653
       -0.1997904092        -0.0438022014         0.2373187263
        0.5057317524         0.2263872941         0.6312967816
       -0.3301980960         0.3217366305         0.0835696681
        0.5286593992        -0.0857952207        -0.1506653406
        0.5635749506         0.6782993261         0.0915375644
       -0.2147881467         0.4919501826        -0.2037481870
        0.0596483030         0.8588439618         0.5021289889
        0.2454157113         0.3373474333         0.2656498791
        0.4218575677         0.5644175454        -0.1378497461
       -0.2744540369         0.6949629475         0.6922645117
        0.0498401829         0.5928355305        -0.2378751445
        0.1203931483         0.0893181607         0.1320578870
        0.2713992264         0.1121429587         0.7133748508
        0.0262617170         0.4762213652         0.0525459783
       -0.2974879964         0.7097660053         0.2904297335
       -0.3215500235        -0.1040237655         0.0564338433
        0.1495059282         0.2634002341        -0.0816175374
       -0.0847507027         0.5265953097         0.3226812613
        0.4441785674         0.6146007627         0.7346357166
        0.1745289356         0.7953949562         0.2795211111
        0.4425448293        -0.0506329462         0.6605726229
       -0.2256318019         0.5355965227         0.5918514902
        0.6037837028         0.3751540279         0.5582973174
        0.4060632863         0.7221504780         0.0864298011
        0.1217577819         0.0522764120         0.3689112667
       -0.1336645487         0.7217027388         0.1226706177
        0.3500441005         0.7986578040         0.6908960895
        0.0178355320         0.2976527595         0.3744774595
        0.1882916511        -0.0256708864         0.3915186292
       -0.0597083329         0.3093794212        -0.1453467053
       -0.2360151450         0.4633242357         0.2396405639
        0.2454179539         0.2446856052        -0.2280771346
        0.2897650564         0.7339323336         0.3211396814
       -0.1743747437         0.4426682706         0.4223737473
        0.2257959994         0.3605824787         0.5323205005
        0.2448913247         0.1876070332         0.3864811357
        0.2894024269         0.3215923449         0.2472193388
       -0.0294814617         0.5274329525         0.5331731646
        0.0158612613         0.3967864907         0.6524039400
        0.0979858524         0.2092786323         0.3983260864
       -0.3359962239         0.6227851085        -0.2340841526
        0.3959391496         0.8202607388         0.3272331259
       -0.3506932297         0.3549962464        -0.2454050212
       -0.2297052553         0.8677828962        -0.1387672037
        0.5114102572         0.8354864830         0.6704171150
        0.2937791273         0.3564367212         0.3313986618
        0.3280450486        -0.0725384479         0.2459091983
        0.5134414020         0.8720809136         0.2431764026
       -0.1639948785         0.0983363826         0.2632132806
        0.1914625590         0.1252501849        -0.0458259625
        0.2169641287         0.2857681038         0.0259076826
        0.4855253011         0.0231609115         0.2381598878
       -0.2446974743        -0.0913377810        -0.2358465821
        0.5182629874         0.6482240578         0.2618609705
       -0.2713346373         0.8349237669         0.4850798683
        0.5596817938         0.6337167181         0.2522966464
       -0.2232214906         0.4474919173         0.0989228615
        0.6235407543         0.6456122807         0.1841749454
        0.6178637256         0.3027585196         0.2628861757
       -0.2135668995         0.7287513484         0.5669423545
       -0.3605060126         0.1008543265        -0.1271087461
       -0.0088961982         0.8373460317         0.2992378802
       -0.0941360155         0.8359823691         0.4592682633
        0.3926218819         0.1478349063        -0.0282310488
        0.0701924997         0.0109458016         0.7058926487
        0.4968686901         0.8513924605         0.0475241523
        0.4104557967         0.4811127156         0.4664180900
        0.2438462771         0.5786905968         0.6705177433
       -0.1763969232         0.6768370019        -0.2358757385
        0.4713997947         0.7074094075         0.0391240662
        0.5980706394         0.3817204148        -0.1907758498
        0.3012186249         0.4721973992         0.6046312617
        0.5843816155         0.5191793584        -0.1489202980
        0.2150162332         0.3131839325         0.6186620903
        0.0668813507        -0.0393489936         0.4823803265
        0.1657665119         0.7703098627        -0.1298917373
       -0.2567125190         0.3597255877         0.3579274309
        0.5704729779         0.3740057356         0.7303536306
        0.3293648126         0.1135113064         0.3785089768
       -0.0113590008         0.2220727229         0.4119161739
        0.0398429444         0.2941168261         0.5525880672
       -0.1046754201         0.6856358286         0.3142081245
       -0.0305350692         0.6290252590         0.0245883115
       -0.3563262959        -0.0627379974        -0.2070722211
       -0.2664201760         0.7387338975         0.3319175817
        0.1066758314         0.6384443129         0.4016045570
        0.3407447883         0.5989838728        -0.1352027395
        0.2160333430         0.6623254749        -0.0120045180
       -0.1690522659        -0.0903913323         0.1594021168
        0.0211240961         0.2208567786         0.3837052156
       -0.0931377282         0.6235533697        -0.1740006135
       -0.2781526955         0.6571695706        -0.0150013794
       -0.3516844284        -0.0236533960        -0.0714124650
        0.0047771593         0.0915761872        -0.1837703221
       -0.2333198255         0.2500541574         0.7355169870
       -0.3724562750         0.4965543222         0.0553121269
        0.4496620904         0.0086609615         0.0693980974
        0.0591061095         0.8391261726         0.1175786700
       -0.0527098618         0.3196619985         0.0388993966
        0.3446316302         0.4605499444        -0.0811994038
        0.0280915252         0.7551283819         0.4848957162
       -0.2598162851         0.2628891216         0.2224909923
       -0.2281720251         0.0489012448         0.3987304087
       -0.2616511244         0.3958571742        -0.1898267755
       -0.1981961513         0.2098722576         0.0177191664
       -0.0589837630         0.0211401711         0.2295347170
        0.2595337999         0.6755776267         0.4901269277
        0.0251649317        -0.0138616978        -0.0930483352
        0.3849866472         0.6687551059        -0.1141954202
        0.4859803550         0.5281008621         0.1047209612
        0.3055627308         0.8484106694         0.5686689927
        0.3898192246         0.0588481979         0.0698516394
        0.2308663198         0.3160750041         0.5988047130
        0.3902022646         0.3126092094        -0.0723126496
        0.6243752540         0.0330123792        -0.1134125990
        0.0149646270        -0.0040330444        -0.0652269828
        0.2710625164         0.0630031218         0.7340128467
        0.4762879470         0.7442195545         0.6452752868
        0.3749315260         0.4025692800         0.3603620634
        0.1012716174         0.7787291009        -0.2493546333
        0.1441497911         0.1164938040        -0.2137151278
        0.5561099860        -0.0198761497         0.2411050767
        0.6218589621         0.4381568198         0.3950513145
        0.2008504624         0.7970427857        -0.1649517994
        0.0912916938         0.3612839514         0.0343413873
       -0.1735062724         0.2644699242        -0.1675540179
        0.1689266038         0.4429715668         0.0509131538
        0.2920228459         0.2415543202        -0.1832190085
        0.0297511772         0.6174466605         0.5744919410
        0.0308259586         0.2380111209        -0.0791914680
        0.6154922270         0.4832587421         0.1600297647
        0.2111301824        -0.0830669022         0.0229184637
       -0.0830107232         0.6556795230         0.3716493061
        0.1489374986        -0.0868571190        -0.2058197073
       -0.3325238550         0.0926530752         0.5413956962
       -0.2498995847         0.6479551026         0.3630001141
        0.0661764843         0.0122810184         0.4380565171
        0.2015909605         0.5817558054         0.5230352852
        0.0028666548         0.6594273120         0.1297439906
        0.4982947854         0.3273344356         0.0411284700
       -0.3004833015         0.3573864463         0.2421025501
       -0.1328570875         0.1961478009        -0.2238200909
        0.5742449793         0.6340335031         0.5458369056
        0.5984198035         0.4654911339         0.4408315797
        0.5470661386         0.6186722967         0.3701009601
        0.4445782562         0.1065637564         0.1596630982
        0.0288755488         0.4533580393         0.6412413150
        0.2535212480         0.7641101410         0.2184280480
        0.5190950522        -0.0977647469         0.4292509839
       -0.2647420820         0.3288218004         0.6182336369
        0.6021971308         0.2016157796         0.5698426115
        0.1637295417        -0.0734224292         0.5362744753
        0.3378264025         0.0511664823         0.6012390481
        0.5451589559         0.0874206657         0.0448874816
        0.5505430698        -0.0252224460         0.2822488304
       -0.1797760321         0.3810108489        -0.1618756602
        0.0700441059         0.7147725816         0.6238367843
        0.4080163307         0.2433188870         0.4361962246
        0.3316178842         0.0917835610         0.4985622886
        0.2438008145         0.0381420367         0.2732350813
       -0.0277324856         0.0811043681         0.2321454177
        0.4570696077         0.1101903251         0.1824506454
       -0.3558496147         0.3354309984         0.3742387685
        0.3334631831         0.8278875159         0.5417339597
        0.6061676498         0.7794615050         0.0672228009
       -0.0465850416         0.8618013565         0.2441256127
       -0.2325955984         0.3255355355         0.6367827351
       -0.2298075056         0.1534610853         0.0554999803
        0.3772668553         0.0783731020        -0.0168044750
        0.2701086688         0.1135634782        -0.1015347382
        0.1882591330         0.7660439518         0.0307647130
        0.1671678885         0.0263707627         0.5707065093
       -0.0071563144         0.4147222480         0.0221483208
       -0.0485142941        -0.0311399976        -0.2343531533
        0.4801897922         0.8276312017         0.5296544383
        0.4843272985         0.7462555697         0.4932079212
        0.0083618623         0.3441329285        -0.1427345055
        0.0243430183         0.3509628943        -0.1109817364
        0.0535606723         0.4258445911         0.3017488590
        0.3714735431         0.7863525139        -0.0070609176
       -0.0829598632         0.1570115473         0.0419782781
        0.3539098037         0.7616915518         0.3744403289
       -0.1013432962         0.3372794546         0.2305111112
       -0.1071736110        -0.0186741915         0.7054286493
        0.1597823610         0.4908609067        -0.1431463124
        0.2924311131         0.1959691181         0.6191632660
       -0.2202917664         0.3672049747         0.6519350738
        0.1733433006         0.6943781671         0.4682261454
       -0.3282292286         0.2612526070         0.2410533913
        0.4096509755         0.0594162282         0.1992750639
        0.0958655896        -0.1144829358         0.0515588357
       -0.0712154576         0.4515524664         0.5576629488
        0.2702071283         0.5349794308        -0.0385312368
       -0.1701514949         0.7502003371         0.1720919362
        0.0246781999         0.1719422498        -0.0671312133
        0.1523324247         0.4190191306         0.6891735811
        0.4341231328        -0.1089497627         0.5203622382
       -0.2530098332         0.3815075978        -0.2368026202
        0.1788421688         0.7871354019         0.2445213610
        0.1603614979         0.4998202636         0.2760218887
        0.3319923900         0.3374026891         0.2516937158
       -0.1142304653         0.2118204930        -0.1464922659
        0.5389749345        -0.0282353074         0.1717960414
       -0.0257559401         0.8680286248         0.6866011713
        0.3922036802         0.5703234752         0.7028341758
        0.0858879164         0.4194940748         0.1746917003
        0.3149234780         0.4607946479         0.1362730786
       -0.1239335893        -0.0132191576         0.0637484804
        0.0062866083         0.7304654382         0.1648212563
        0.5755080611         0.2995380109         0.4043330521
        0.4847875703         0.3873020856        -0.0545277652
       -0.3509779040         0.6958576086         0.6487405291
        0.5942963860         0.0094528529         0.6392658811
       -0.3587713732         0.0985040555        -0.0313926959
        0.5712504661         0.2915061473         0.6960393661
        0.1802482196         0.8357645464         0.3163514657
       -0.2693096941         0.5484048888         0.2254636518
       -0.1767113911         0.7826823696         0.3144787731
        0.5764386366        -0.1011510981         0.3770328067
        0.5367133470        -0.0717167317         0.5392672274
       -0.3256195608         0.7976820300         0.5075780599
       -0.1778534953         0.4373144491         0.5368577501
        0.4464045371         0.2735344906        -0.0327543202
        0.6011683373         0.1653497266         0.6210422127
        0.3174487082         0.0593880498         0.0175338320
        0.0287707629         0.5480937804         0.1126964301
        0.0463137590         0.1473516597        -0.1400803538
        0.0106101377         0.5484029250         0.4829926204
       -0.3290389929         0.1792780162         0.1514834669
        0.3984244123         0.1706459084         0.4915580356
        0.3639996174         0.3783473352         0.0286890783
        0.3336593700         0.0637340632         0.3690466528
       -0.1863523859         0.5303815965        -0.2484076255
        0.2877871759         0.7124833155        -0.2272481641
        0.3247859393         0.2618249031         0.2908365931
        0.3976589974         0.1004986307         0.3036396646
       -0.3000960628         0.6961459797         0.4790885242
        0.3343724700         0.0219759341         0.2929198971
        0.0917706347        -0.0149579002         0.0317504818
       -0.1496793866         0.1204545917         0.6269064911
        0.0818319921         0.6782867033        -0.1661488441
        0.4635572062         0.2273924382         0.0192966523
        0.4302312375         0.8451276441         0.6637620079
        0.2571150776         0.8083236558         0.2810115676
        0.5563156577         0.8405212813         0.1676217700
       -0.1036420665         0.6333649678         0.7424140990
        0.4716620889         0.8687182468         0.2476925147
        0.2254630147         0.8347989635         0.6075125223
       -0.1342494223         0.1048034792         0.3171813768
       -0.2985641832         0.1347030640         0.6550111365
        0.6069620767         0.4967301236         0.0369750550
       -0.3022473236        -0.1075468289         0.5728039385
       -0.3600002565         0.8497482522        -0.1198606603
        0.4033568194         0.8465462946         0.4538969073
       -0.2104898477         0.3188383054         0.5290973773
       -0.0911259108         0.7388869057         0.3556247745
        0.4791458810         0.6030459757        -0.0616141071
        0.5415237648         0.5435864696         0.6605416789
        0.1326429817        -0.0500528983         0.2622350157
        0.2171702524         0.6862648265         0.2545887096
        0.4494577684         0.4641644267        -0.1169742834
       -0.2782979651        -0.0907449392        -0.0544580770
        0.5936855155         0.1720536169         0.1860595922
        0.5971747472         0.5131926821         0.1669333030
        0.6240747234         0.8230537734         0.4609623797
        0.1128094750         0.6839050314         0.2716210130
       -0.3110007920        -0.0239233376         0.1082975856
        0.5208363081         0.7536411620        -0.1079562911
        0.1030920059        -0.0202312310        -0.0332673869
       -0.0462043287         0.6415302480         0.5789978118
       -0.0227632844         0.8071135110        -0.2094376545
        0.2186432749         0.4320108394         0.0374070573
       -0.3063121450         0.2701935949         0.0327476011
       -0.1705410978         0.1842990864         0.3535916689
        0.6025011930        -0.0388166495         0.7171958882
        0.4198663207         0.1192214313         0.2349910151
        0.3718238218         0.1479085673         0.0705014274
       -0.3730741187         0.8241848189         0.5359690337
        0.3104563927         0.0583161211         0.5891565231
       -0.1292073030         0.2452954244         0.7368739155
       -0.3519207841         0.6067567188         0.7389969409
        0.4795742805         0.8550166431         0.6519867751
       -0.1866252128         0.3740265129         0.7484684079
        0.1846538019         0.6363309951        -0.0734326644
        0.0419590974         0.3532261161         0.3161180210
        0.2457884101         0.3744943793         0.0451751500
        0.0666660746        -0.0766684327         0.4932212920
        0.5061744113         0.6920539448        -0.1935035160
        0.5875392036        -0.1107249937         0.1316513100
        0.1149094563         0.6569270418         0.3351391992
        0.5068611802         0.5364287900         0.4025204475
       -0.2408339298        -0.1234018487         0.4600048071
        0.3831037950        -0.0544283046         0.6167603688
        0.4775747682         0.6835831445         0.5084679536
       -0.1991164392         0.7049512418        -0.0324759245
        0.2475343484         0.1600295609         0.4743853245
       -0.3348301873         0.1513312927         0.0702460157
        0.5437621522         0.0250251267        -0.0068165084
       -0.0623712902         0.4419062756         0.0431265921
       -0.2070299442         0.0735174130         0.2545067485
        0.5269772368         0.0997993131         0.4523600491
       -0.2682312013        -0.0444153459         0.7113117464
       -0.2689092248         0.1903030778        -0.1688093791
       -0.3605468051         0.3538531510         0.4245000849
        0.2309950537         0.6303775349         0.4247706042
       -0.2647199651         0.2388181301        -0.1332000929
        0.1174733600         0.4071175397         0.2521295236
       -0.2078206770        -0.1040514396        -0.0948661404
       -0.0154080066         0.0001320189        -0.2443480889
       -0.2064266885         0.0576875951         0.4536766340
       -0.0263617642         0.3774020354        -0.1504423115
        0.4477330638         0.2586762573         0.3433120746
        0.5272853864         0.7169444486         0.3130020070
        0.4138104242         0.7111483593        -0.2324953230
        0.5220627532         0.3062859042        -0.0516769426
       -0.1438544998         0.0083241450         0.3709868466
        0.0592267451         0.2631268440        -0.1264295065
        0.3987551381         0.2284027002         0.7283733198
        0.6107026451         0.1737431410         0.6983177276
        0.2535019369         0.4348518641         0.7241908215
        0.0628739309         0.6204525211         0.3153437066
        0.4239145074         0.0587474910         0.1236256905
        0.1052706905         0.8361151128         0.6171078993
        0.1210221151         0.5679620324        -0.2344676889
        0.4780117196         0.0349690207        -0.1431752062
       -0.3032729636         0.5023920952         0.3096557150
        0.2430407163         0.3710243915         0.5982825669
       -0.2848797120         0.2717011232         0.5693672380
       -0.0827289234         0.5546796814        -0.0889976904
        0.5749670448         0.3990804548        -0.0837185755
       -0.3358965057         0.5195002207        -0.0576698944
        0.1959476682        -0.0505407445         0.6934008352
        0.2659147750         0.7850573550         0.3194039295
        0.4514896298        -0.0584631724        -0.0226432514
        0.1713900180         0.1176406619         0.4689562431
       -0.3596586534        -0.0941204367         0.0003036515
        0.0806299000         0.7307958553         0.5081160108
       -0.1788019127         0.6179968129         0.0287175966
       -0.0838740839         0.2025331046         0.1576085126
       -0.3139771349         0.2871497976         0.4285984982
       -0.0380691815         0.1466255768         0.0825252857
       -0.0896331954         0.4409970041         0.1027731656
        0.3555678477        -0.0118261189         0.0854824930
       -0.1583078584         0.0446703100         0.3792922165
       -0.2518417425         0.8085224512         0.2333252242
       -0.2678461832         0.7342290305         0.5221998826
        0.1947595860         0.6381476131         0.7108818859
        0.3434706958         0.5217770207         0.0043057812
        0.4696187219         0.7548818275         0.0939659320
       -0.0367650483         0.6996223786         0.2137096083
        0.4249545488         0.6720910604        -0.0107706190
       -0.0861169546         0.1655129057        -0.1816995333
       -0.1021399407         0.6957012284         0.5826827250
       -0.0461604600         0.2879415548         0.6454804005
       -0.2030170958         0.0079641437        -0.2161138451
       -0.3434631917         0.4610196645         0.3651576779
        0.3884973727         0.4564647426        -0.0193843905
       -0.0663410140         0.3641347472         0.5027294159
        0.1901001132         0.2552967267         0.5069630306
       -0.0442414830         0.1347757823         0.0164524246
       -0.0988748277         0.8571315721         0.4148972205
       -0.0015178822         0.1157203975         0.2100157258
       -0.0964169017         0.0046213247         0.2868485216
        0.3632377574         0.5520087163        -0.2404258244
        0.1051233233         0.4273568570        -0.1307545027
        0.1523036352         0.3774147262         0.7124970959
        0.4208096509         0.1544666240         0.1843344829
        0.1770069287         0.5509156610        -0.1001581828
       -0.0268788235         0.5508572204        -0.1012946149
       -0.0936383661         0.1271022689         0.1335444419
        0.3504720464        -0.0556872823         0.6037961666
       -0.2203334027         0.7811449114        -0.0515551557
       -0.1609050961         0.4267551030         0.2488583960
        0.2683194711         0.2857871095         0.5615159856
        0.6191190999         0.0487734300         0.2139282900
        0.5281887428         0.3038041763         0.2684550472
       -0.0297826909         0.7219602914         0.1857611025
       -0.1880436831         0.0599645616        -0.0670274908
        0.1082455078        -0.0672783187         0.4792948155
       -0.1086395874         0.5826870459         0.4418472962
        0.1826215082         0.3657680451         0.4699866617
        0.4294146089         0.1073808709         0.6894112926
        0.3319815308         0.0447319185         0.0692198671
        0.5371648851         0.2362726290         0.3807423422
        0.4032764212         0.2152385412         0.5302520899
        0.3836620542         0.2959566770         0.0824171437
       -0.0741316398         0.3378663673        -0.0682052457
        0.1223598578         0.3022832871         0.5971172237
        0.4320622467        -0.0525357933        -0.0767627276
        0.1778617409         0.0175695000        -0.1383986996
       -0.1742885176         0.1164012387         0.1920058512
       -0.1402882749         0.4438309003         0.1037048798
       -0.0646933006        -0.0520190162         0.6931744879
       -0.2315176009         0.1297818861         0.1647389242
        0.2026921547         0.3433787809         0.5711501583
        0.0729737321        -0.0949207245        -0.0657821134
        0.5190193892         0.7756590474         0.0596065239
        0.2453930307         0.5810213991         0.4236020444
       -0.2223337210        -0.0354802874         0.2952840227
        0.6077432542        -0.0309716364         0.2168089545
        0.0300267153         0.6270723216         0.0562860678
        0.4286595392         0.8636252929         0.0787467114
       -0.2958655280        -0.0804325010         0.0209577131
       -0.2419954952         0.6261383242         0.7235791185
        0.1238141072        -0.0929063832         0.1868715959
       -0.2685926159         0.4091687451         0.5063559528
       -0.2488540525         0.2602256479         0.2622341598
        0.5691651829         0.0592780194        -0.1394158857
       -0.2768580623         0.3190339048         0.4628973262
        0.0356442130         0.4385227542         0.7214268565
        0.3530720549         0.0518027130         0.2805990276
        0.3019099407         0.8498875125         0.7217942910
       -0.2711975658         0.2668935600         0.4471720044
        0.4944345656         0.1231908008         0.7098482043
       -0.1378442208         0.0134571524         0.5276770468
        0.4654281122         0.2466398176         0.4043470678
        0.2372860833         0.0994600663         0.0115176480
        0.3881280079         0.3647181657         0.3842188875
       -0.3071518532         0.7308877642         0.0522981783
        0.0852332027         0.5946866197         0.2974014861
        0.3686820222         0.8472522849         0.3046655033
       -0.0645158317         0.5690065774         0.1411295226
        0.0926292290         0.1064053391         0.1309343280
       -0.3186481960         0.0843110052         0.7045224246
       -0.2366893223         0.7228206776         0.3762113587
       -0.1639162152         0.3873601338        -0.0446362617
       -0.2588182075        -0.0097754765         0.6719242644
        0.2348728484         0.7789409044         0.2533522820
       -0.2518824395         0.0340875062        -0.2300332478
        0.2883054756         0.3518675249         0.0658965739
       -0.3165332905         0.5785308498         0.5608837096
       -0.0220786769         0.5967446760         0.2806190949
        0.5506546672         0.3632192800         0.4944363567
        0.0755442579         0.1569073905         0.1119510311
       -0.0358906332        -0.0754922764        -0.1298424795
       -0.2012139910         0.0512043980         0.1602344637
       -0.0154518958         0.2599509882         0.3889848975
        0.2086557763        -0.0452423220         0.0516844504
       -0.2997849066        -0.0502994569         0.7043029416
        0.5478394830        -0.0139480773        -0.2457888247
        0.2271251679         0.6783025176         0.1229836377
        0.0932980551         0.7347527223         0.5708997575
       -0.2648469746         0.6499745460         0.0484412829
       -0.3015685154         0.5270809266         0.5816403076
       -0.3399542069         0.3116192599         0.0913505367
        0.5005099420         0.4226183111         0.4997947268
       -0.1637417744         0.1663257317        -0.1616131472
       -0.2069674249         0.7193059618        -0.0623230066
       -0.0994161288         0.4328073825         0.0764046863
       -0.2969495807         0.3392525453         0.1541488759
       -0.1817789862         0.0595402599        -0.1107510604
        0.4258681901        -0.1144265780         0.7071607736
        0.4171709021         0.3728847900         0.3710955244
        0.2521944155         0.3365453337         0.2322902027
        0.5644782972         0.5817573203         0.5001721805
       -0.2323335774         0.6535368678         0.2331294609
        0.0480832288         0.6296280888         0.2513482090
       -0.3195198169        -0.1133120155        -0.1927269207
       -0.3191331905         0.4769308173         0.6093441991
        0.4708740909         0.1050009263        -0.1076387105
        0.3895367585         0.5400221991         0.0580737169
        0.3179872493         0.7501017909         0.2966183862
        0.5605836833         0.2443605243         0.1681095192
 
