-3.676161807564845674e+00
7.159635688577180801e+00
7.677459838571202511e+01
-9.935937225881598778e+00
1.123310189097807665e+01
7.734432098063068395e+01
-4.294595341895507090e+01
-8.864126526240232451e+00
9.634133160779111194e+00
9.178364696508289455e+00
-4.957448733096782689e+01
-1.429743046152102259e+01
-3.141830868387561093e+00
-7.436400726202026590e+01
-6.831961690490544470e+01
6.828641933721988266e+01
-1.428637818214379251e+01
1.508307414109674838e+01
8.750819190981633255e+01
-9.124099505755455652e+01
-1.316498292940530845e+01
7.459657889584452306e-01
-1.643559923313311089e+01
-6.777405832525932539e+00
2.275969391245415707e+01
-1.415552168761920271e+01
-4.681402045412759350e+01
1.628707391900960033e+01
2.041305570378508349e+01
-7.056428626651967306e+01
2.841133385428548053e+01
2.578812352130750440e+01
4.056429802630277415e+00
-1.292609704042158114e+01
3.222036439881116365e+01
1.285136211776400117e+01
7.461890464051339222e+01
-1.957334044231552639e+01
1.351702631356941353e-01
-5.344808546309103292e+01
4.487558777405925525e+01
-1.092015300724526128e+01
7.669468346658590008e+00
2.709581139511512049e+01
2.785896152741274179e+01
5.781756302977487394e+01
-3.118542542307447363e+01
6.979807397316095319e+01
3.939035553441014059e+01
-2.128599690895137897e+01
6.721514623747452788e+01
-3.666458854027101921e+01
-1.995664426117723167e+01
5.172941112502739713e+01
-1.770322482623296878e+01
-1.490467303021161172e+01
-4.838873773504221987e+00
-5.985467833863105369e+01
1.872082857707805204e+01
-2.033933669274548350e+01
-8.240604212016036456e+01
-5.236867832037498971e+01
-7.370415961052977138e+01
1.119722568458033436e+02
-7.100698374302348626e+00
8.986796740184331611e+01
-9.565426538961463621e+01
-3.198008703265583108e+01
1.649104277340779490e+01
-8.395328179621610332e+01
2.761258869231940949e+01
-8.403361538716897883e+01
-6.669435381044164046e+01
2.302333597142353838e+01
-3.938175437059513939e+01
-1.623207951783465930e+01
-3.272968573788297419e-01
-3.696018518224844485e+01
-8.116791805793388903e+01
7.753050262156658334e+01
-1.342306448237864203e+01
1.718777496547430950e+00
1.017792904191407786e+02
4.854923707672036670e+01
3.183287451571253257e+01
-4.894175392892758936e+01
4.277292440897203107e+01
2.109732357476007891e+01
-4.501684084023339949e+01
2.325808770525834035e+01
-2.096677886338272856e+01
-1.287717062023381764e+01
7.403506817435069998e+00
6.778619651080072117e+01
-1.734198193396380105e+01
8.135792295686727016e+01
-3.411188648678049873e+01
1.770433161546633727e+01
7.213679921280692042e+01
-2.442748961817054720e+01
-6.787083266567847772e+01
2.364143620814618174e+01
1.331809674961992300e+02
1.997639829184361560e+00
-9.796621990171548333e+00
1.060924079967574585e+02
3.683138755794909969e+01
4.990436060760458759e+01
-4.802737308316606857e+01
2.404191716407838442e+01
7.962658746144170152e+01
4.746955365571163554e+01
4.085862293122674060e+01
4.168562703036029404e+01
-8.402796070162873221e+00
-7.161858675902564642e+01
-5.257996437640331777e+01
-8.547176051606109581e+01
-5.093029950236213921e+01
2.617706206913504730e+01
-3.649505382308162638e+01
3.787550966012296527e+01
7.030543689486731296e+01
8.968340657367039626e+01
-5.485942000704471155e+01
-1.684876129120402055e+01
8.218626739229388534e+01
-8.984623555819703711e+01
-1.102330198125908822e+01
-6.827103592827646139e+01
-1.044989278272548177e+02
2.270471821905332632e+01
-1.128922800944734561e+01
1.299338017640715748e+01
3.168855956888003433e+01
8.411882535808720718e+01
-8.537580178039911516e+01
1.291299473618607863e+01
-3.981396538342728064e+01
5.117303782485129204e+01
4.360333373515381794e+01
1.384546569882361666e+01
4.908197290123816003e+00
7.501182801927325272e+01
2.377112037955814472e+01
9.785425749909656190e+01
3.720402512895576308e+01
-1.408225020013962592e+02
-2.544867837382571452e+01
-1.667184834261754034e+01
-2.463141997184063214e+01
4.078171595053641596e+01
6.733801499677772995e+01
9.503076919480885465e+01
1.647397744358862326e+01
-1.707916415840756130e+01
7.404428389809480393e+01
-6.319818367038982387e+01
4.996898887353265195e+01
-2.354581213589263200e+01
1.359232800516519291e+00
-1.103759737067112745e+01
6.586807317802887951e+01
1.220688598031890706e+02
-1.364456098243676081e+02
-2.403181309804534038e+01
1.805053316475770941e+00
5.693766496999955251e+01
-1.854890911329163217e+01
4.089627636511397668e+01
4.811843944650027538e+01
1.326017377341609915e+02
-5.979272448893412140e+00
7.172168102031994508e+00
-2.999359894786164205e+01
3.174458704027671985e+01
3.028015093814429193e+01
-1.277810888446392568e+01
-6.741254929911950455e+01
1.530796464521844413e+01
-5.912147883017274808e+01
2.375441161525071898e+00
2.123797633571367882e+01
-6.469035308497392123e+01
-4.796637649711891527e+01
1.344750726407710673e+01
-7.991904848779864778e+01
3.382715925070856855e+01
6.861277214217098219e+01
-2.658961861273994742e+01
1.761021900510880300e+01
8.771807304911698111e+01
-2.392318548524903932e+01
-8.999774860293513257e+00
-3.602512823977335898e+01
-9.027629237662758044e+00
-8.972817170326568714e+01
7.177666125859549595e+01
-8.733192392669462834e+01
1.156192454367356817e+02
-4.209102560473382937e+00
-2.832689309017705170e+01
-1.383298595168712453e+00
7.333091731863316909e+01
-4.052304007869197733e+01
-1.168938924090616993e+01
3.506640658206943328e+01
-1.454097206482634306e+02
8.627100645897129994e+01
-2.208570187704473042e+01
5.285033145973849855e+01
-5.175054859633444693e+00
1.264919174076193542e+01
6.821041507973541229e+01
-1.931550262003525376e+01
2.807337737044047543e+01
5.765266116492234971e+01
-1.450540198865433794e+01
1.119162776871685452e+02
-2.206004119915049699e+01
-2.731259792924484131e+01
-1.855382377274309533e+02
-7.356819872543769634e+01
-7.970738359468008127e+01
1.318055051742812012e+01
-3.125245056342536287e+01
3.618196382791920485e+01
-3.035191437127118874e+01
-1.491708133856620400e+01
7.275982605551750737e+01
-4.616164598784956752e+01
-2.612068585406981214e+01
-4.192548813773834482e+00
-3.369671202788680375e+00
4.520225116046398739e+01
1.180433085991697482e+02
-4.003561038997681720e+01
3.918444699076388105e+01
2.454906996943302033e+01
1.897789448563693782e+01
1.670629187553890631e+02
-3.181221058422432790e+01
4.550586119391276441e+00
-9.272581616244715974e+01
-2.423383502171624571e+01
-2.208753122986360040e+01
-1.119498743209560558e+02
-7.170772018265495262e+01
2.918914025230695586e+01
-1.597005359404846025e+01
8.924384117793002247e+01
1.700218765845472291e+01
-6.740346508240044443e+01
-8.106262074971999354e+00
-3.418210219345630918e+01
-1.857212142092684815e+01
-2.821186435236554502e+01
-2.645118794515465410e+01
3.777609683784552175e+01
-3.515151086110046208e+01
6.797753641641656941e+01
9.020131332833344118e+01
-1.282812345251705892e+02
-1.005070836342655838e+02
9.763259600314789566e+00
3.447116503518909525e+01
2.157667841917609763e+01
-1.490114585685873010e+02
6.749190969441306720e+01
-5.546990525066303235e+01
-6.383044334878086090e+01
1.951859893476191132e+01
2.335315151319251825e+00
2.490786575704919770e+01
4.376175648024315024e+01
4.709316340764624442e+01
-4.127293356929610013e+01
1.405040361215123390e+01
4.474581971442091799e+01
6.424061126289367962e+01
-1.015519988664003748e+01
5.384443728959685416e+01
-9.485937264144128278e+01
2.193879728716424182e+01
-2.964378278773165931e+01
4.496747222265945254e+01
-1.492284809243702526e+01
-1.167959743962357635e+02
-7.782346651724668618e+01
1.391965875890484305e+01
-1.606388349033847760e+02
3.178902124558005937e+01
-2.141316179723328972e+01
8.760721315795137798e+01
3.281943783294320127e+00
-4.817849549307256396e+00
1.763615376899311684e+02
3.057875451436256142e+01
-4.379984975947042614e+01
-2.275726917436976038e+01
-3.181068177019226795e+01
1.220571179901355841e+01
4.106347698109706812e+01
-8.377536825583538871e+01
-5.379229928077143086e+01
-7.119113960429028509e+01
5.333932575966525036e+00
2.545178734554792044e+01
6.669568777966462392e+01
3.601908428790681427e+01
-5.540256295704557488e+01
-3.630648608237139285e+01
-2.651358782208386700e+01
-7.426829892747470296e+01
-1.968758618310931041e+01
3.805034208249814753e+00
1.072461241884939653e+02
2.531783609769049548e+01
-3.682206667248065912e+01
-4.198775103718599411e+00
-1.874117943011413345e+01
-1.795556869932331168e+01
-1.015564477253551701e+00
7.510606450008791057e+01
5.826874467162269866e+00
2.840887165924175051e+01
1.017937288938791056e+02
-7.547079640214339413e+00
-3.062344308808350490e+01
-1.063011676463175377e+02
1.619614454153271055e+01
-2.687990745106473867e+01
4.287424824203617391e+01
1.083849875565386789e+01
-2.736723445087714701e+00
-4.469071755940782964e+01
-3.117639898748428351e+01
3.682068551837772930e+01
-1.633371300835035811e+01
-4.179504514600645138e+01
-1.035454123459243760e+02
-4.243095064243142645e+01
1.663834960698019216e+01
1.494375024009554842e+01
-8.640943229942480741e+01
