-2.832102121406708251e-01 -9.341527130766504039e-02 1.229773080089582268e-09 -4.309178271610916530e-08 5.392842859696680731e-08 3.907817204293163177e-02 -1.423485684920816608e-08 -1.758094199911681705e-07 2.085405339189160950e-07 -1.535187678377295757e-07 4.068037638116026029e-09 -2.974437807119538858e-08 6.653164771374343348e-07 -5.412699464434763201e-07 -1.554735720619260589e-02 -3.207490709170087989e-07 -1.132357013968767649e-06 1.841560793523051579e-06
7.734992920169465602e-01 4.114977798235595619e-01 -5.324822209424814940e-09 1.931810786669342671e-07 -2.420361332667177217e-07 -1.843071236739854402e-01 6.799494812249127848e-08 8.426860902703577115e-07 -1.001283560424659889e-06 7.354510037238420867e-07 -2.107240714756717408e-08 1.432980522889721395e-07 -3.188539438394705669e-06 2.595102552132190804e-06 7.320533119599985372e-02 1.521120001887563641e-06 5.357026544023207284e-06 -8.712232223356748987e-06
-1.572274631084521340e-02 1.252870680374992829e-01 -1.548854374117960594e-09 7.489216639136085287e-08 -9.559236645829886664e-08 -6.345720229176639304e-02 2.785533844158603111e-08 3.700059327287673247e-07 -4.503350797961114813e-07 2.995948749195389112e-07 -1.961328474045306413e-08 6.392937357587569720e-08 -1.307103131333448681e-06 1.071360074190395679e-06 1.806164844621234791e-02 4.452114453765207051e-07 1.472924533916862624e-06 -2.394156855971234413e-06
-2.110947795781041580e-02 9.792918553414353688e-01 -1.198839539769089871e-08 4.466033071247116991e-07 -5.575224781507246107e-07 -8.190145865594488095e-01 2.973850404216873575e-07 3.600961312151638559e-06 -4.253204495927349560e-06 3.354781002753877914e-06 -6.742712530300396341e-08 6.416396775291178313e-07 -1.455819362126859357e-05 1.182305579357471310e-05 3.899621314847732667e-01 7.945153151720471573e-06 2.828961254825743062e-05 -4.602116945546708593e-05
6.516383317461617482e-03 3.038090147504677110e-02 -3.707725106169970449e-09 -1.939639400396205647e-08 2.578224808749013419e-08 1.261070579428136496e+00 -5.029872126316431402e-07 -5.882560884990893234e-06 6.952320655927354945e-06 -6.654466320838147778e-06 1.449247614961789988e-07 -1.301172966786159134e-06 2.921595849871572452e-05 -2.368055389817014199e-05 -9.709122671287420125e-01 -2.014762475650988804e-05 -7.213841888206989211e-05 1.174894747070075077e-04
-2.052814331974154791e-03 -6.064961814728661929e-03 1.812660039431032704e-09 1.088392358625529118e-08 -1.480749887384012202e-08 3.175750449257028207e-02 1.242595701424506700e-07 5.028474659063864472e-07 -5.136779216631219843e-07 4.525749492843386570e-06 -7.060226172084066156e-08 9.488205606414459429e-07 -2.102558609146556442e-05 1.682826092321576482e-05 1.261764263442876732e+00 2.758548513387014991e-05 1.045548104032923537e-04 -1.719732506101213747e-04
7.286902958156042621e-04 2.004329074788740311e-03 -4.443200937540857562e-10 -2.472160943726149139e-09 3.382942413982313911e-09 -7.927613482925428834e-03 -8.630898108554395444e-08 1.579719574092980292e-07 -5.238345303387670893e-07 -2.796160127256456063e-07 -2.588859991075618115e-08 -1.341969018596141977e-07 3.058179254804576399e-06 -2.102752121763936339e-06 5.427901008120302991e-04 -5.602687064135615303e-06 -5.323459089686462687e-05 1.067658197747019499e-04
-3.273892041587755301e-04 -8.952761035917175319e-04 8.890258762162556979e-11 8.977955881545780880e-10 -1.358740746246196721e-09 3.444737189685882252e-03 5.523108455496682885e-08 4.401644976564408193e-08 2.205926359677914913e-07 6.744319091819756860e-07 -9.154877277380732105e-08 2.246866652166545716e-07 -4.260462008186464510e-06 3.266773910881363846e-06 -5.447739625089868809e-03 -8.965103681926281403e-07 8.378986304965539662e-06 -4.261670398418285135e-05
-5.001423338637074225e-10 6.747773543085181404e-08 8.268291040783875001e-01 -1.178171228007973415e-01 1.287889979831419174e-02 -1.718021709992298919e-07 3.900853002233784506e-01 -6.537032051291952195e-02 6.462123276254110905e-03 -4.207074276515177289e-07 -9.392093906901677541e-07 9.996462610774068707e-07 2.669252625026171620e-06 3.702062229493446439e-06 3.692283469822878171e-07 1.322988201383302753e-01 -3.664068573036907001e-02 6.777121145176321151e-03
3.418965120248622376e-09 -3.579640120898578134e-07 1.181999505820729712e-01 8.263756139886915264e-01 -2.872737334653795160e-02 1.591406376798557216e-06 6.555047995598584087e-02 3.899003183258564764e-01 -1.275787860256023809e-02 8.485435248945235684e-07 1.200191172211021237e-08 4.967208365956340239e-06 1.421268491463665835e-06 3.700227113761813224e-07 -9.262570615504586710e-06 3.711096014389793363e-02 1.318063136514884548e-01 -1.188281360603365977e-02
-4.430520750268842333e-09 4.213152005662198418e-07 -8.689570118334193766e-03 3.025919571424580401e-02 8.346868228992787575e-01 -1.761603499753672008e-06 -4.261046566919080361e-03 1.365147857662279626e-02 3.953216234557566100e-01 7.231421330880827019e-07 4.743896149814332309e-06 -3.851281075128387684e-07 5.641268865245374773e-07 -1.377780673138748496e-06 1.138800533273021221e-05 -3.329905411287775729e-03 1.326592577637560923e-02 1.367364120285133877e-01
-2.823552595251131533e-10 -2.469348982099997380e-08 -2.230763827980308533e-01 3.178674732127511476e-02 -3.474688566927905745e-03 1.989178543628984429e-08 1.102306915272744259e-03 -1.847805088581820480e-04 1.829281506308708146e-05 1.065087700481037394e-08 -1.853245894823384565e-07 -2.477847336547863022e-06 4.974270827037148445e-07 8.585208130999925821e-07 -3.023547117426370832e-08 5.174945116558285832e-03 -1.433060117556145480e-03 2.652194835888873822e-04
2.349055213543380475e-09 1.324106936833683991e-07 -3.189005295469978657e-02 -2.229540033559072876e-01 7.750567935602335062e-03 -1.679143071979550202e-07 1.852092869116298251e-04 1.101970453780944754e-03 -3.608140404988849310e-05 -4.067072073676074949e-08 -3.447878657124874580e-08 1.005893370403947748e-06 1.556236278914532912e-06 2.045186466103191222e-06 -1.325136227287017364e-08 1.451979058123356548e-03 5.157643481466232284e-03 -4.656121012070639563e-04
-3.091325856624931955e-09 -1.579256102885734269e-07 2.344428330091406429e-03 -8.163856259198827917e-03 -2.251963412100868867e-01 2.047217929871852802e-07 -1.202421185499137500e-05 3.857777031027644218e-05 1.117953113556839585e-03 -2.287496660992004618e-06 1.431913428034172283e-06 -5.101125876941315299e-08 -1.215780004404064216e-07 -1.594815238180084585e-08 1.473335065618410260e-07 -1.308726251303496966e-04 5.206141548202863380e-04 5.372767134781725358e-03
1.382381357184594001e-10 -1.250174950662816890e-09 -1.177129644993789130e-02 1.677319805671894249e-03 -1.833498048318169915e-04 -4.567994151793444660e-07 9.679444333222269048e-01 -1.622076945222521160e-01 1.603490259379841687e-02 -1.230715823109926494e-06 -2.406864308165827773e-06 5.323149957021793066e-06 8.022724712483287495e-06 1.093971754253743642e-05 1.395545282191863508e-06 4.566400016174015919e-01 -1.264695731581954863e-01 2.339167981316425671e-02
-9.472986381766593901e-10 2.100537472033121651e-08 -1.682775467867052462e-03 -1.176482009322253434e-02 4.089774435425731509e-04 4.119532712151975691e-06 1.626547626520555290e-01 9.674855878890817884e-01 -3.165703643317453742e-02 2.355332154719449973e-06 1.895385068545868619e-07 1.463422986731494001e-05 2.349381087234822954e-06 -1.244137158784923181e-06 -3.225436934686679789e-05 1.280900042706145936e-01 4.549347899275519858e-01 -4.101202204236691073e-02
1.290124202752287546e-09 -2.330355549356400247e-08 1.237111588370997045e-04 -4.307892872038452856e-04 -1.188301448247584650e-02 -4.592706702829468075e-06 -1.057323908555720358e-02 3.387431897207702353e-02 9.809396236424680060e-01 4.773743241705358402e-06 1.351841414466936915e-05 -1.095390100229879669e-06 1.714888253022352076e-06 -3.694330422482954433e-06 3.909100306605700669e-05 -1.149098529941866911e-02 4.578189777105159258e-02 4.718692908381595941e-01
1.859115417241164013e-10 1.461254794762570888e-09 -1.787027064115536291e-03 2.546344679994404182e-04 -2.783327466007577637e-05 1.445404003844046390e-07 -1.807210858919623131e-01 3.028414584453309119e-02 -2.993092758249702758e-03 -1.419309454368906248e-06 -4.419704863341918159e-06 -3.616621478174403839e-05 2.944610682047963895e-05 4.315978852214481402e-05 3.422742813322976676e-06 9.804674326427940123e-01 -2.715677333561977713e-01 5.022934384720516288e-02
-1.101000778599386957e-09 6.564874975701395217e-09 -2.554681806885011224e-04 -1.786037650792321593e-03 6.208737921545088754e-05 -2.042367050073618422e-06 -3.036873303516748196e-02 -1.806298365988422971e-01 5.909142609342011784e-03 2.941103932507508434e-07 1.249005074568554571e-06 5.278502424870804602e-05 2.655461502608217651e-05 2.954132768302084475e-05 -5.962113340836849661e-05 2.750134838480680077e-01 9.767894074895150380e-01 -8.804593238047718484e-02
1.542993032864580970e-09 -4.975597016760467510e-09 1.878178495184486163e-05 -6.539803618726589777e-05 -1.803948426552508255e-03 2.239428564295846971e-06 1.974116794517984975e-03 -6.324437565143008373e-03 -1.831061422875043254e-01 -2.774994300581659322e-05 5.808099175916850909e-05 -2.706420036269466045e-06 -4.864917052275505324e-07 -1.081859288808927779e-06 6.596939490116301725e-05 -2.465015410561335885e-02 9.824089444089127710e-02 1.012455037177159012e+00
-1.545268153928637306e-10 -1.601093966649186055e-09 1.237977803372424489e-03 -1.764004341128428191e-04 1.928222658467509086e-05 -1.074709799163112425e-07 1.241573414238553025e-01 -2.080554698831981256e-02 2.056249449445561074e-03 8.584431053165180970e-07 4.096466440909034803e-06 4.564055980475968015e-05 -2.755549852722117567e-05 -4.111831576559776656e-05 -7.225090983679899032e-07 6.369751926537578490e-02 -1.760702366992880977e-02 3.257013537554606306e-03
1.021440636711582660e-09 2.579789919510947554e-09 1.769779660353656709e-04 1.237296837596969790e-03 -4.301322837023471314e-05 1.411613387309699310e-06 2.086357583583090328e-02 1.240941659634085398e-01 -4.059497937957250516e-03 6.947126028820820794e-07 -1.037734263140124787e-06 -4.969940312946661643e-05 -3.038743614366391473e-05 -3.628547322731685268e-05 -1.715991988445466986e-05 1.788925493990951507e-02 6.349923245377289693e-02 -5.745033329128781605e-03
-1.390573357946426690e-09 -5.550262618746342340e-09 -1.301115727004031648e-05 4.530409601402425796e-05 1.249717906781097707e-03 -1.528978246493557377e-06 -1.356200201645868303e-03 4.344916109740847368e-03 1.257907878868280704e-01 3.678864914609438212e-05 -5.662547777133849738e-05 2.372085514537850556e-06 1.512339459135319652e-06 -1.751845564347812648e-07 3.173350909404645603e-05 -1.642988874376549854e-03 6.493838660744415819e-03 6.713162483407651704e-02
3.599907923666225071e-11 -6.396592742120175180e-12 2.096971223364559492e-05 -2.988095773219741994e-06 3.262472616765186672e-07 -2.001969675257638807e-08 1.927110907681348810e-03 -3.228296706815222635e-04 3.198228603001500086e-05 -2.077903148097024688e-07 -2.859000867023568414e-07 -2.081968537477604862e-06 5.140706679773472321e-06 7.169100046069309379e-06 2.724246411440725758e-07 -1.143999108149402338e-02 3.124783586387837060e-03 -5.919168177530439393e-04
-1.196079369546893006e-10 -4.271165034199934115e-09 2.997406804025416916e-06 2.095599613835830166e-05 -7.275630931506333562e-07 1.322926383289524937e-08 3.240158512657140407e-04 1.927376752413911083e-03 -6.324548632548153545e-05 -6.354202379600522566e-08 3.839086100559637198e-07 8.810982380435181851e-06 1.674871163812214545e-06 1.334181632684356607e-06 -6.899951819379541735e-06 -3.191199772829087650e-03 -1.153246862803273230e-02 1.060557727750997218e-03
-1.528639876562240259e-10 -1.850065469018968638e-09 -2.207256932330030262e-07 7.687318349552750868e-07 2.117817378521728516e-05 8.298405116616145752e-08 -2.118304520768259894e-05 6.777358921351574986e-05 1.968077675888013026e-03 -9.175742027450892759e-07 8.432349971116026401e-06 -3.335897577676289851e-07 5.337743478455041195e-08 1.319744437305247631e-07 1.657817468671754810e-06 3.358680887216304828e-04 -1.330902218306021607e-03 -1.394766093665839556e-02
-5.329502620254247288e-11 9.491827195039944866e-09 -2.483720891585147524e-08 9.188867613055320049e-09 7.435200300629823322e-08 6.226985193047952887e-07 1.986776896156116877e-06 -8.928119527512285436e-07 -6.508910235694974037e-06 3.657587450183669153e-01 9.270454739172591108e-01 -4.662728727003558060e-02 2.469219837477533777e-02 9.670375090984745931e-03 -4.538230792764325171e-06 5.309585008650297466e-06 1.209712973627696501e-06 9.515404516847383724e-05
2.980630533209372057e-12 1.085065738919372306e-08 9.798887608779064215e-08 1.437036747196951850e-07 -2.875052702939858322e-08 7.217809690258718965e-07 -6.312641823304254355e-06 2.200482476634909960e-06 1.676561695035022728e-06 -2.191010173313565068e-02 -5.265069626751155141e-03 1.943756148199989320e-01 5.807765153338244613e-01 7.877078537105308698e-01 -1.902955042396823927e-06 1.893268499660102498e-04 3.136762628150509009e-04 -1.834492272844426346e-05
-2.351059075588166837e-09 -1.891385543392575872e-07 9.907240777956071411e-10 1.570458444550159800e-08 3.289897237032613972e-08 -1.219235755964024281e-05 -1.870538705035097889e-08 -1.351786939945060782e-06 -2.584392776476833632e-06 -5.468194064663989273e-02 3.435392395038320851e-03 -5.438327942573706331e-02 8.065524412369567964e-01 -5.827489973229891262e-01 4.333303554266669663e-05 3.809736221247378219e-06 -8.605334842153251532e-06 -1.204643487971618285e-05
3.375462534872251251e-11 -6.318681900036294748e-09 -8.766875704404726938e-08 8.982696393349031393e-08 2.444703007395725253e-09 -4.367130096655346520e-07 -6.534543209232202444e-06 -5.557466551502698857e-06 -2.604367424716902501e-08 -4.259539189963010286e-03 5.462122031896737839e-02 9.759976224050058713e-01 -7.081876889760974070e-02 -1.883769351790754443e-01 2.287170028810113330e-06 -3.345697258166608441e-04 1.943851462076365093e-04 -2.105966347427030134e-05
1.806930776267869060e-12 2.476818855271964103e-08 9.601361582245463693e-09 1.948234457980344502e-08 -1.261045288019853909e-07 1.609103967551537318e-06 -3.832682894944819567e-07 -2.056385350272724624e-06 -3.160479857606363093e-06 9.267214216234641588e-01 -3.655564024962436043e-01 2.427555775088218251e-02 5.125165873915593640e-02 -2.044456673353299558e-02 -6.303990466292694829e-06 8.452311908565769675e-06 -4.362784598732874806e-05 -3.564974207613875903e-04
-1.629479452296512518e-10 -4.446102448656027687e-09 5.777154124455280186e-09 -3.886155621804112844e-09 -4.731839366108630918e-08 1.820919992540417344e-07 -8.771071171681788496e-09 2.898179630814605412e-07 9.305622423954667142e-06 3.621636786301559146e-03 9.233899615186990165e-03 -4.643980142763972654e-04 2.439366923801405702e-04 9.684437895853193661e-05 1.552657497086289636e-05 -9.920132268465101403e-06 -4.415117092474337817e-05 -7.885420242618797638e-04
2.122299294800775762e-11 -1.186841544613264282e-08 -4.561094360424223794e-08 2.089028438574023188e-08 3.344876936555778075e-09 -1.080274326377075583e-07 1.046211572417264822e-05 4.897482194848286247e-06 1.225967507474690838e-07 -2.181032957521558473e-04 -5.247909731709489043e-05 1.931512170833800260e-03 5.771474393339833323e-03 7.827849431778695702e-03 -4.895036661834720941e-07 -1.326326636424745220e-03 -1.511453556258366250e-03 8.088525133019537985e-05
1.578679964538466720e-08 1.877856086627715892e-07 1.018048877902397574e-10 -4.048171956585613638e-09 -7.134497813341550030e-09 -9.716225805997553820e-06 1.194950296904940571e-07 -2.395446522938134619e-08 -7.668453658817745422e-08 -5.426744935128942219e-04 3.355058829963281352e-05 -5.389535731198370717e-04 7.992329326220707839e-03 -5.774578508467428581e-03 -9.520111778808019152e-05 -2.196697063276827508e-05 3.115618869327880039e-05 4.633437014952412344e-05
-4.865386903325327979e-11 3.737615390013775971e-09 -3.288115477496447032e-08 -4.388421389583217912e-08 4.824200651991790478e-10 6.079732393399609490e-09 -4.907833401453496546e-06 1.047192442296864266e-05 -2.385750382172576605e-07 -4.235354294022796600e-05 5.430716480611214817e-04 9.700352649803086966e-03 -7.040257858414542425e-04 -1.872343566497428882e-03 -6.509507283209576649e-06 1.589600580698737834e-03 -1.345253292585785708e-03 1.374271542379074096e-04
-3.417606789451954090e-10 -2.251341219538145379e-08 -8.726202638669373786e-10 -6.186509630446406813e-09 -2.130945233176632891e-08 1.500598241566445345e-07 3.920327974122743136e-08 -3.077898902142111416e-07 -6.491005446333933255e-06 9.183814480110430792e-03 -3.644149826342104291e-03 2.415804762640409557e-04 5.071800809522628841e-04 -2.028322579244946271e-04 1.174114969232522631e-05 -4.163541286450630590e-05 2.058682798275736304e-04 1.778315961577536060e-03
2.877701424946241985e-10 3.438589722730768675e-09 -2.677421508043381964e-09 2.113100981230285882e-09 5.669533169289872125e-08 -1.600569329393313813e-07 3.391058361892256846e-07 -7.615328854262634018e-07 -1.927366430714202712e-05 -1.982954074109806008e-04 -6.231759601245084445e-04 3.169920208652178144e-05 -1.330690325926469916e-05 -7.476743155732848542e-06 1.119468229369148358e-05 -6.527873317497752436e-05 1.901727208998115880e-04 1.706646725857430833e-03
6.180450928814934319e-11 1.323731737465501558e-08 6.266402639337597039e-08 3.296671147287441078e-08 -2.186802984421703451e-09 2.059192697327999951e-07 -2.099624065482229293e-05 -5.708603681114628945e-06 -1.210493560468959082e-07 1.402193394250448101e-05 3.474035538526118910e-06 -1.225498410209286348e-04 -3.674524778978002630e-04 -4.988432552099830372e-04 2.781383432247856280e-05 2.196564873608203815e-03 1.138897441861228341e-04 4.437969908301842616e-05
-3.238984921875952895e-08 -2.803624396478837062e-07 8.559416791353723848e-10 1.513431416899363862e-09 2.650993902480442686e-09 1.816262427210464872e-05 -2.004932718700388363e-07 -2.036004928488055305e-07 -2.629169784457635002e-07 3.190521887186063149e-05 -1.324009720857751142e-06 3.184649935985712772e-05 -4.718241970020682239e-04 3.411977575128578941e-04 -7.003535912780368348e-05 1.913516070376968745e-05 4.032534544489050444e-05 4.102584768975726351e-05
9.397357960328315548e-11 -3.050918918004872823e-09 -2.854719188056015455e-08 6.202816760594876379e-08 -1.307615505062528457e-09 -1.008498593938620597e-07 5.034042703534723432e-06 -2.089745026895691244e-05 4.918991569413332441e-07 2.590716424459165019e-06 -3.448230178653869738e-05 -6.185102027058650724e-04 4.527104396750787147e-05 1.199080832616952183e-04 -8.900051587287557056e-06 -2.725421175647886813e-05 2.177801497853200114e-03 -1.932165682169392003e-04
8.050402728669079211e-10 2.698379130221827335e-08 1.021212759948567691e-09 7.251659904078419313e-10 -3.899303544362457760e-08 -1.339812017225705364e-07 -3.829879654577012743e-08 1.363988034509903076e-07 8.582497196060110523e-06 -5.120903219913959872e-04 2.494565080944302496e-04 -1.600347659852278555e-05 -2.830777358310253910e-05 1.239419508295059756e-05 4.273754305944743495e-05 4.015936804505284005e-06 -6.114898707482941941e-06 -4.386086117669233601e-04
-3.354728157815366659e-11 1.855602097736876837e-10 7.325161742259860763e-08 -9.246476150058868413e-08 4.387170451131292322e-09 2.515978537294249804e-08 -4.348863120381173331e-05 5.787702287269850144e-05 -2.568242091570800827e-06 -1.060303093704271845e-08 1.024406261899095445e-06 1.463290213223482529e-05 -3.820225951763070045e-06 -6.650954254140648770e-06 -7.020353419410830841e-08 4.063197427747742771e-03 -6.943348310927390833e-03 7.816301603364320203e-04
2.600288214485381092e-09 4.071343673560024214e-07 6.304663077888597800e-10 4.245798949423684590e-10 1.830007160746063079e-09 7.743700328851087266e-06 -2.535533349744525516e-07 -1.196503946563741846e-07 -8.217144778975421623e-07 2.022023796953957095e-06 -1.720191370368259690e-07 2.445438194487450705e-06 -3.861431852625419399e-05 2.790725636441450841e-05 9.123311355834716994e-04 1.892706075150779122e-05 8.976053469013671113e-06 7.760053825817978337e-05
2.159780353458077051e-11 3.467465618973643550e-09 -4.012255597469806089e-09 -3.956133129246118913e-08 2.287976235227064875e-09 6.600370785855069864e-08 2.434387833772174879e-06 1.772517922967801522e-05 -1.151314739082099611e-06 4.425229933540803911e-07 -2.103646701356104898e-06 -4.183968121705485574e-05 -6.753503566022000227e-06 -5.455953663807358018e-06 1.055867006852880147e-05 -5.553435506409523485e-04 -2.031956298101689727e-03 2.423673358157787548e-04
-1.860526931547538251e-10 -6.507823821713314831e-10 -5.733813171276718049e-10 2.041355310556214095e-09 5.552404021956079423e-08 1.118643152403377698e-07 3.144939518586541776e-07 -1.307181466826724757e-06 -3.606386760922567766e-05 -2.898975726844001353e-06 -4.339361430211694252e-05 2.506488540398984697e-06 1.035841300956293627e-07 -7.554027195193145411e-07 4.068187423182185012e-07 -7.806859790580759960e-05 3.786630368732038206e-04 3.827028027360092604e-03
6.106144422321952240e-11 3.975226339518185868e-09 -4.084534653590862416e-08 7.459884160059655038e-09 -8.811367597204790864e-10 4.823692000055223708e-08 1.872365522713309967e-05 -3.683555650574914329e-06 3.317398463285354418e-07 7.593926146407998852e-07 1.214283055600746057e-06 8.673753608636486102e-06 -2.397420291043632500e-05 -3.450976867138580390e-05 9.439760230369001822e-07 -2.147907140177310412e-03 6.768415076559158600e-04 -1.192891446656874316e-04
-3.237995869668024082e-08 -2.205753992864633594e-07 -5.429154482905361591e-10 1.400004678473254842e-10 -3.039916328148252359e-10 1.661298082425629937e-05 2.224901837080611031e-07 -2.528881946730561618e-08 4.261317858354768583e-07 -5.673850248634909587e-07 -6.929147621351626800e-07 -1.033200134951250369e-06 1.482262805607914876e-05 -1.048839671243945611e-05 2.902697449107453464e-04 -2.262395947887030381e-05 5.649102332386995202e-06 -4.722104502551106414e-05
-7.837075420249820082e-11 -7.999881906723733961e-10 9.443027324252458131e-08 7.419265487338063194e-08 -2.118487779817849687e-09 3.008482953795589508e-08 -5.871947773261058972e-05 -4.339788507847243122e-05 1.014638983269692381e-06 4.489843735757117989e-07 2.265143319742008050e-07 -7.119318718329205385e-06 -9.462886571795232809e-06 -1.252587268388620389e-05 -7.707860888215162389e-06 7.059323252710322447e-03 4.031393604737780120e-03 -2.329145823608471267e-04
